date,time,state,city,latitude,longitude,temperature_2m,relativehumidity_2m,rain,windspeed_10m,weathercode,description
2026-05-23,12:00:00,Pahang,Raub,3.7931,101.8569,31.2,58,0.0,6.1,3,Clouds generally forming or developing
2026-05-23,12:00:00,Perlis,Kangar,6.4333,100.2,31.5,71,0.0,1.8,95,"Thunderstorm, slight or moderate, without hail** but with rain and/or snow at time of observation - Thunderstorm at time of observation"
2026-05-23,12:00:00,Johor,Kluang,2.0336,103.3194,31.1,69,0.0,4.5,51,"Drizzle, not freezing, continuous 	slight at time of observation"
2026-05-23,12:00:00,Sarawak,Sibu,2.3,111.8167,28.6,76,0.0,5.8,3,Clouds generally forming or developing
2026-05-23,12:00:00,Perak,Taiping,4.85,100.7333,32.0,59,0.0,5.9,3,Clouds generally forming or developing
2026-05-23,12:00:00,Selangor,Shah Alam,3.0833,101.5333,32.6,56,0.0,4.0,3,Clouds generally forming or developing
2026-05-23,12:00:00,Labuan,Labuan,5.2803,115.2475,30.6,64,0.0,14.8,3,Clouds generally forming or developing
2026-05-23,12:00:00,Kedah,Sungai Petani,5.65,100.48,32.3,59,0.1,3.1,51,"Drizzle, not freezing, continuous 	slight at time of observation"
2026-05-23,12:00:00,Pahang,Kuala Lipis,4.184,102.042,31.0,67,0.0,1.6,51,"Drizzle, not freezing, continuous 	slight at time of observation"
2026-05-23,12:00:00,Sabah,Lahad Datu,5.03,118.34,31.2,65,0.1,5.2,51,"Drizzle, not freezing, continuous 	slight at time of observation"
2026-05-23,12:00:00,Johor,Johor Bahru,1.4556,103.7611,31.7,66,0.0,5.8,51,"Drizzle, not freezing, continuous 	slight at time of observation"
2026-05-23,12:00:00,Selangor,Petaling Jaya,3.1073,101.6067,32.8,54,0.0,1.5,3,Clouds generally forming or developing
2026-05-23,12:00:00,Sabah,Kota Kinabalu,5.975,116.0725,30.0,71,0.1,8.6,51,"Drizzle, not freezing, continuous 	slight at time of observation"
2026-05-23,12:00:00,Melaka,Melaka,2.1889,102.2511,31.5,69,0.0,4.1,3,Clouds generally forming or developing
2026-05-23,12:00:00,Sarawak,Bintulu,3.17,113.03,29.5,75,0.0,5.5,51,"Drizzle, not freezing, continuous 	slight at time of observation"
2026-05-23,12:00:00,Johor,Batu Pahat,1.85,102.93,31.5,68,0.0,3.7,3,Clouds generally forming or developing
2026-05-23,12:00:00,Pulau Pinang,George Town,5.4145,100.3292,31.4,68,0.0,8.5,3,Clouds generally forming or developing
2026-05-23,12:00:00,Pahang,Kuantan,3.8167,103.3333,29.5,76,0.0,6.3,51,"Drizzle, not freezing, continuous 	slight at time of observation"
2026-05-23,12:00:00,Kuala Lumpur,Kuala Lumpur,3.1478,101.6953,32.8,55,0.0,1.1,3,Clouds generally forming or developing
2026-05-23,12:00:00,Terengganu,Kuala Terengganu,5.3303,103.1408,29.1,78,0.1,11.4,80,"Rain shower(s), slight"
2026-05-23,12:00:00,Perak,Teluk Intan,4.0259,101.0213,32.0,60,0.0,1.7,3,Clouds generally forming or developing
2026-05-23,12:00:00,Kedah,Alor Setar,6.1167,100.3667,31.5,68,0.1,3.9,51,"Drizzle, not freezing, continuous 	slight at time of observation"
2026-05-23,12:00:00,Kelantan,Kota Bharu,6.1333,102.25,32.3,59,0.0,12.2,51,"Drizzle, not freezing, continuous 	slight at time of observation"
2026-05-23,12:00:00,Sarawak,Miri,4.4028,113.9933,30.1,72,0.0,12.2,3,Clouds generally forming or developing
2026-05-23,12:00:00,Sarawak,Kuching,1.5397,110.3542,29.5,70,0.0,6.5,3,Clouds generally forming or developing
2026-05-23,12:00:00,Pulau Pinang,Bukit Mertajam,5.3631,100.4667,31.6,66,0.0,8.3,3,Clouds generally forming or developing
2026-05-23,12:00:00,Johor,Muar,2.05,102.56,31.0,70,0.2,1.3,53,"Drizzle, not freezing, continuous 	moderate at time of observation"
2026-05-23,12:00:00,Selangor,Klang,3.0333,101.45,32.7,56,0.1,3.6,51,"Drizzle, not freezing, continuous 	slight at time of observation"
2026-05-23,12:00:00,Negeri Sembilan,Seremban,2.7297,101.9381,31.0,67,0.1,2.4,51,"Drizzle, not freezing, continuous 	slight at time of observation"
2026-05-23,12:00:00,Terengganu,Cukai,4.2332,103.4479,29.8,77,0.0,2.9,51,"Drizzle, not freezing, continuous 	slight at time of observation"
2026-05-23,12:00:00,Perak,Ipoh,4.6,101.07,34.6,44,0.0,1.5,3,Clouds generally forming or developing
2026-05-23,12:00:00,Pulau Pinang,Butterworth,5.3992,100.3639,31.7,66,0.0,8.3,3,Clouds generally forming or developing
2026-05-23,12:00:00,Putrajaya,Putrajaya,2.93,101.69,31.5,61,0.0,5.7,3,Clouds generally forming or developing
2026-05-23,11:00:00,Johor,Muar,2.05,102.56,30.7,68,0.0,4.3,3,Clouds generally forming or developing
2026-05-23,11:00:00,Perak,Teluk Intan,4.0259,101.0213,31.5,64,0.0,1.2,3,Clouds generally forming or developing
2026-05-23,11:00:00,Johor,Kluang,2.0336,103.3194,30.2,73,0.0,5.4,3,Clouds generally forming or developing
2026-05-23,11:00:00,Kuala Lumpur,Kuala Lumpur,3.1478,101.6953,32.0,59,0.0,1.0,3,Clouds generally forming or developing
2026-05-23,11:00:00,Sarawak,Miri,4.4028,113.9933,29.7,74,0.0,13.8,51,"Drizzle, not freezing, continuous 	slight at time of observation"
2026-05-23,11:00:00,Perak,Ipoh,4.6,101.07,33.2,49,0.0,0.7,3,Clouds generally forming or developing
2026-05-23,11:00:00,Pulau Pinang,Bukit Mertajam,5.3631,100.4667,30.9,69,0.0,8.0,3,Clouds generally forming or developing
2026-05-23,11:00:00,Sabah,Lahad Datu,5.03,118.34,31.0,65,0.0,4.9,3,Clouds generally forming or developing
2026-05-23,11:00:00,Terengganu,Kuala Terengganu,5.3303,103.1408,30.2,73,0.1,6.4,51,"Drizzle, not freezing, continuous 	slight at time of observation"
2026-05-23,11:00:00,Perlis,Kangar,6.4333,100.2,30.6,74,0.0,3.5,95,"Thunderstorm, slight or moderate, without hail** but with rain and/or snow at time of observation - Thunderstorm at time of observation"
2026-05-23,11:00:00,Sarawak,Kuching,1.5397,110.3542,28.2,76,0.0,6.2,3,Clouds generally forming or developing
2026-05-23,11:00:00,Melaka,Melaka,2.1889,102.2511,30.5,73,0.0,5.4,2,State of sky on the whole unchanged
2026-05-23,11:00:00,Terengganu,Cukai,4.2332,103.4479,28.9,83,0.0,2.7,51,"Drizzle, not freezing, continuous 	slight at time of observation"
2026-05-23,11:00:00,Kedah,Sungai Petani,5.65,100.48,31.5,62,0.1,2.7,51,"Drizzle, not freezing, continuous 	slight at time of observation"
2026-05-23,11:00:00,Pahang,Kuantan,3.8167,103.3333,28.9,81,0.0,4.9,51,"Drizzle, not freezing, continuous 	slight at time of observation"
2026-05-23,11:00:00,Sabah,Kota Kinabalu,5.975,116.0725,29.8,73,0.2,9.8,51,"Drizzle, not freezing, continuous 	slight at time of observation"
2026-05-23,11:00:00,Pulau Pinang,George Town,5.4145,100.3292,30.9,70,0.0,7.8,3,Clouds generally forming or developing
2026-05-23,11:00:00,Selangor,Klang,3.0333,101.45,31.9,61,0.0,2.3,51,"Drizzle, not freezing, continuous 	slight at time of observation"
2026-05-23,11:00:00,Kelantan,Kota Bharu,6.1333,102.25,31.5,64,0.1,9.0,51,"Drizzle, not freezing, continuous 	slight at time of observation"
2026-05-23,11:00:00,Putrajaya,Putrajaya,2.93,101.69,31.1,64,0.1,3.1,51,"Drizzle, not freezing, continuous 	slight at time of observation"
2026-05-23,11:00:00,Selangor,Petaling Jaya,3.1073,101.6067,31.8,59,0.0,1.3,3,Clouds generally forming or developing
2026-05-23,11:00:00,Kedah,Alor Setar,6.1167,100.3667,30.9,70,0.0,3.9,51,"Drizzle, not freezing, continuous 	slight at time of observation"
2026-05-23,11:00:00,Sarawak,Sibu,2.3,111.8167,28.4,78,0.0,5.8,3,Clouds generally forming or developing
2026-05-23,11:00:00,Labuan,Labuan,5.2803,115.2475,30.4,65,0.0,12.8,2,State of sky on the whole unchanged
2026-05-23,11:00:00,Johor,Batu Pahat,1.85,102.93,30.8,70,0.0,5.1,2,State of sky on the whole unchanged
2026-05-23,11:00:00,Selangor,Shah Alam,3.0833,101.5333,31.8,60,0.1,2.5,51,"Drizzle, not freezing, continuous 	slight at time of observation"
2026-05-23,11:00:00,Sarawak,Bintulu,3.17,113.03,28.3,84,0.0,6.1,51,"Drizzle, not freezing, continuous 	slight at time of observation"
2026-05-23,11:00:00,Johor,Johor Bahru,1.4556,103.7611,31.3,69,0.0,3.3,3,Clouds generally forming or developing
2026-05-23,11:00:00,Perak,Taiping,4.85,100.7333,31.6,63,0.0,5.9,3,Clouds generally forming or developing
2026-05-23,11:00:00,Pahang,Kuala Lipis,4.184,102.042,30.3,70,0.0,0.4,51,"Drizzle, not freezing, continuous 	slight at time of observation"
2026-05-23,11:00:00,Pahang,Raub,3.7931,101.8569,30.0,63,0.0,5.1,3,Clouds generally forming or developing
2026-05-23,11:00:00,Negeri Sembilan,Seremban,2.7297,101.9381,30.2,68,0.1,3.8,51,"Drizzle, not freezing, continuous 	slight at time of observation"
2026-05-23,11:00:00,Pulau Pinang,Butterworth,5.3992,100.3639,30.9,69,0.0,8.0,3,Clouds generally forming or developing
2026-05-23,10:00:00,Negeri Sembilan,Seremban,2.7297,101.9381,30.5,66,0.0,1.8,51,"Drizzle, not freezing, continuous 	slight at time of observation"
2026-05-23,10:00:00,Sarawak,Miri,4.4028,113.9933,29.0,74,0.0,13.1,51,"Drizzle, not freezing, continuous 	slight at time of observation"
2026-05-23,10:00:00,Johor,Muar,2.05,102.56,30.1,72,0.0,7.1,3,Clouds generally forming or developing
2026-05-23,10:00:00,Johor,Johor Bahru,1.4556,103.7611,30.1,73,0.0,4.9,2,State of sky on the whole unchanged
2026-05-23,10:00:00,Terengganu,Cukai,4.2332,103.4479,27.7,91,0.2,4.1,53,"Drizzle, not freezing, continuous 	moderate at time of observation"
2026-05-23,10:00:00,Johor,Kluang,2.0336,103.3194,29.1,78,0.0,5.6,3,Clouds generally forming or developing
2026-05-23,10:00:00,Kelantan,Kota Bharu,6.1333,102.25,31.3,63,0.0,7.0,3,Clouds generally forming or developing
2026-05-23,10:00:00,Kuala Lumpur,Kuala Lumpur,3.1478,101.6953,31.0,64,0.0,0.9,3,Clouds generally forming or developing
2026-05-23,10:00:00,Johor,Batu Pahat,1.85,102.93,29.6,76,0.0,6.6,3,Clouds generally forming or developing
2026-05-23,10:00:00,Sarawak,Bintulu,3.17,113.03,27.9,87,0.0,4.8,51,"Drizzle, not freezing, continuous 	slight at time of observation"
2026-05-23,10:00:00,Kedah,Sungai Petani,5.65,100.48,30.1,71,0.0,2.6,2,State of sky on the whole unchanged
2026-05-23,10:00:00,Melaka,Melaka,2.1889,102.2511,29.5,77,0.0,7.9,3,Clouds generally forming or developing
2026-05-23,10:00:00,Pahang,Kuantan,3.8167,103.3333,28.0,87,0.0,4.4,51,"Drizzle, not freezing, continuous 	slight at time of observation"
2026-05-23,10:00:00,Sabah,Kota Kinabalu,5.975,116.0725,28.8,77,0.2,9.6,51,"Drizzle, not freezing, continuous 	slight at time of observation"
2026-05-23,10:00:00,Selangor,Shah Alam,3.0833,101.5333,30.9,65,0.0,1.5,3,Clouds generally forming or developing
2026-05-23,10:00:00,Selangor,Klang,3.0333,101.45,31.0,66,0.0,1.3,3,Clouds generally forming or developing
2026-05-23,10:00:00,Pahang,Kuala Lipis,4.184,102.042,29.2,75,0.0,0.9,3,Clouds generally forming or developing
2026-05-23,10:00:00,Pulau Pinang,George Town,5.4145,100.3292,29.7,79,0.0,5.0,95,"Thunderstorm, slight or moderate, without hail** but with rain and/or snow at time of observation - Thunderstorm at time of observation"
2026-05-23,10:00:00,Sarawak,Sibu,2.3,111.8167,26.9,89,0.0,2.9,3,Clouds generally forming or developing
2026-05-23,10:00:00,Labuan,Labuan,5.2803,115.2475,29.9,69,0.0,12.4,1,Clouds generally dissolving or becoming less developed
2026-05-23,10:00:00,Selangor,Petaling Jaya,3.1073,101.6067,30.8,64,0.0,1.1,3,Clouds generally forming or developing
2026-05-23,10:00:00,Perak,Teluk Intan,4.0259,101.0213,30.5,67,0.0,0.9,2,State of sky on the whole unchanged
2026-05-23,10:00:00,Perlis,Kangar,6.4333,100.2,30.0,75,0.0,5.0,2,State of sky on the whole unchanged
2026-05-23,10:00:00,Perak,Taiping,4.85,100.7333,30.6,68,0.0,5.4,3,Clouds generally forming or developing
2026-05-23,10:00:00,Kedah,Alor Setar,6.1167,100.3667,29.6,77,0.0,4.0,3,Clouds generally forming or developing
2026-05-23,10:00:00,Terengganu,Kuala Terengganu,5.3303,103.1408,29.8,75,0.0,4.4,51,"Drizzle, not freezing, continuous 	slight at time of observation"
2026-05-23,10:00:00,Putrajaya,Putrajaya,2.93,101.69,30.5,70,0.0,3.7,3,Clouds generally forming or developing
2026-05-23,10:00:00,Pahang,Raub,3.7931,101.8569,28.7,69,0.0,4.0,3,Clouds generally forming or developing
2026-05-23,10:00:00,Perak,Ipoh,4.6,101.07,31.5,55,0.0,3.1,3,Clouds generally forming or developing
2026-05-23,10:00:00,Sarawak,Kuching,1.5397,110.3542,26.6,85,0.0,6.5,3,Clouds generally forming or developing
2026-05-23,10:00:00,Pulau Pinang,Butterworth,5.3992,100.3639,30.1,74,0.0,7.4,2,State of sky on the whole unchanged
2026-05-23,10:00:00,Sabah,Lahad Datu,5.03,118.34,30.5,66,0.0,5.0,3,Clouds generally forming or developing
2026-05-23,10:00:00,Pulau Pinang,Bukit Mertajam,5.3631,100.4667,30.0,74,0.0,7.4,2,State of sky on the whole unchanged
2026-05-23,09:00:00,Pahang,Kuantan,3.8167,103.3333,27.0,93,0.2,2.8,51,"Drizzle, not freezing, continuous 	slight at time of observation"
2026-05-23,09:00:00,Pahang,Kuala Lipis,4.184,102.042,27.8,84,0.0,0.6,3,Clouds generally forming or developing
2026-05-23,09:00:00,Terengganu,Cukai,4.2332,103.4479,26.9,95,0.1,3.0,53,"Drizzle, not freezing, continuous 	moderate at time of observation"
2026-05-23,09:00:00,Putrajaya,Putrajaya,2.93,101.69,29.0,76,0.0,2.8,3,Clouds generally forming or developing
2026-05-23,09:00:00,Pahang,Raub,3.7931,101.8569,27.4,73,0.0,5.4,3,Clouds generally forming or developing
2026-05-23,09:00:00,Terengganu,Kuala Terengganu,5.3303,103.1408,28.5,84,0.0,2.3,3,Clouds generally forming or developing
2026-05-23,09:00:00,Sarawak,Bintulu,3.17,113.03,26.8,92,0.0,4.0,3,Clouds generally forming or developing
2026-05-23,09:00:00,Perak,Ipoh,4.6,101.07,29.4,61,0.0,4.0,3,Clouds generally forming or developing
2026-05-23,09:00:00,Perak,Teluk Intan,4.0259,101.0213,29.0,74,0.0,1.4,2,State of sky on the whole unchanged
2026-05-23,09:00:00,Perlis,Kangar,6.4333,100.2,28.5,81,0.0,4.0,2,State of sky on the whole unchanged
2026-05-23,09:00:00,Labuan,Labuan,5.2803,115.2475,29.2,73,0.0,14.0,2,State of sky on the whole unchanged
2026-05-23,09:00:00,Pulau Pinang,George Town,5.4145,100.3292,28.6,89,0.0,2.8,95,"Thunderstorm, slight or moderate, without hail** but with rain and/or snow at time of observation - Thunderstorm at time of observation"
2026-05-23,09:00:00,Kedah,Alor Setar,6.1167,100.3667,27.5,90,0.0,4.2,3,Clouds generally forming or developing
2026-05-23,09:00:00,Kuala Lumpur,Kuala Lumpur,3.1478,101.6953,29.1,75,0.0,0.9,3,Clouds generally forming or developing
2026-05-23,09:00:00,Selangor,Klang,3.0333,101.45,29.3,76,0.0,1.0,3,Clouds generally forming or developing
2026-05-23,09:00:00,Selangor,Petaling Jaya,3.1073,101.6067,29.2,73,0.0,1.0,3,Clouds generally forming or developing
2026-05-23,09:00:00,Johor,Kluang,2.0336,103.3194,27.6,85,0.0,7.3,2,State of sky on the whole unchanged
2026-05-23,09:00:00,Selangor,Shah Alam,3.0833,101.5333,29.4,73,0.0,1.1,3,Clouds generally forming or developing
2026-05-23,09:00:00,Kelantan,Kota Bharu,6.1333,102.25,30.4,68,0.0,3.2,3,Clouds generally forming or developing
2026-05-23,09:00:00,Melaka,Melaka,2.1889,102.2511,28.1,85,0.0,10.2,3,Clouds generally forming or developing
2026-05-23,09:00:00,Sabah,Kota Kinabalu,5.975,116.0725,29.0,75,0.0,10.0,3,Clouds generally forming or developing
2026-05-23,09:00:00,Sarawak,Miri,4.4028,113.9933,28.2,79,0.0,11.6,3,Clouds generally forming or developing
2026-05-23,09:00:00,Negeri Sembilan,Seremban,2.7297,101.9381,29.2,75,0.0,4.9,3,Clouds generally forming or developing
2026-05-23,09:00:00,Sarawak,Kuching,1.5397,110.3542,25.5,90,0.0,6.8,3,Clouds generally forming or developing
2026-05-23,09:00:00,Johor,Batu Pahat,1.85,102.93,28.0,84,0.0,5.4,2,State of sky on the whole unchanged
2026-05-23,09:00:00,Sarawak,Sibu,2.3,111.8167,26.0,92,0.0,2.5,3,Clouds generally forming or developing
2026-05-23,09:00:00,Sabah,Lahad Datu,5.03,118.34,29.5,71,0.0,5.0,3,Clouds generally forming or developing
2026-05-23,09:00:00,Perak,Taiping,4.85,100.7333,29.2,74,0.0,3.8,2,State of sky on the whole unchanged
2026-05-23,09:00:00,Pulau Pinang,Butterworth,5.3992,100.3639,29.1,78,0.0,5.0,2,State of sky on the whole unchanged
2026-05-23,09:00:00,Kedah,Sungai Petani,5.65,100.48,28.2,81,0.0,3.4,2,State of sky on the whole unchanged
2026-05-23,09:00:00,Pulau Pinang,Bukit Mertajam,5.3631,100.4667,29.0,78,0.0,5.0,2,State of sky on the whole unchanged
2026-05-23,09:00:00,Johor,Johor Bahru,1.4556,103.7611,28.1,88,0.0,2.4,95,"Thunderstorm, slight or moderate, without hail** but with rain and/or snow at time of observation - Thunderstorm at time of observation"
2026-05-23,09:00:00,Johor,Muar,2.05,102.56,28.5,81,0.0,6.9,3,Clouds generally forming or developing
2026-05-23,08:00:00,Sarawak,Sibu,2.3,111.8167,25.3,95,0.0,3.4,3,Clouds generally forming or developing
2026-05-23,08:00:00,Terengganu,Kuala Terengganu,5.3303,103.1408,26.1,97,0.0,4.8,3,Clouds generally forming or developing
2026-05-23,08:00:00,Johor,Batu Pahat,1.85,102.93,26.0,93,0.0,6.9,0,Cloud development not observed or not observable
2026-05-23,08:00:00,Sarawak,Kuching,1.5397,110.3542,24.2,95,0.0,6.9,3,Clouds generally forming or developing
2026-05-23,08:00:00,Pulau Pinang,Butterworth,5.3992,100.3639,27.1,88,0.0,3.7,2,State of sky on the whole unchanged
2026-05-23,08:00:00,Pahang,Kuantan,3.8167,103.3333,26.1,97,0.2,3.7,51,"Drizzle, not freezing, continuous 	slight at time of observation"
2026-05-23,08:00:00,Perak,Ipoh,4.6,101.07,26.8,69,0.0,5.8,1,Clouds generally dissolving or becoming less developed
2026-05-23,08:00:00,Negeri Sembilan,Seremban,2.7297,101.9381,27.1,83,0.0,6.5,3,Clouds generally forming or developing
2026-05-23,08:00:00,Perak,Teluk Intan,4.0259,101.0213,27.0,88,0.0,3.5,1,Clouds generally dissolving or becoming less developed
2026-05-23,08:00:00,Selangor,Klang,3.0333,101.45,27.1,87,0.0,4.7,2,State of sky on the whole unchanged
2026-05-23,08:00:00,Sabah,Kota Kinabalu,5.975,116.0725,28.2,76,0.0,5.2,3,Clouds generally forming or developing
2026-05-23,08:00:00,Johor,Kluang,2.0336,103.3194,26.0,91,0.0,5.5,2,State of sky on the whole unchanged
2026-05-23,08:00:00,Kelantan,Kota Bharu,6.1333,102.25,27.9,84,0.0,5.1,3,Clouds generally forming or developing
2026-05-23,08:00:00,Johor,Johor Bahru,1.4556,103.7611,25.2,99,0.0,3.9,3,Clouds generally forming or developing
2026-05-23,08:00:00,Johor,Muar,2.05,102.56,27.0,87,0.0,8.7,2,State of sky on the whole unchanged
2026-05-23,08:00:00,Melaka,Melaka,2.1889,102.2511,26.6,91,0.1,10.9,51,"Drizzle, not freezing, continuous 	slight at time of observation"
2026-05-23,08:00:00,Selangor,Shah Alam,3.0833,101.5333,27.5,82,0.0,4.1,3,Clouds generally forming or developing
2026-05-23,08:00:00,Selangor,Petaling Jaya,3.1073,101.6067,27.1,80,0.0,2.1,3,Clouds generally forming or developing
2026-05-23,08:00:00,Sarawak,Bintulu,3.17,113.03,26.3,94,0.0,2.8,3,Clouds generally forming or developing
2026-05-23,08:00:00,Kedah,Sungai Petani,5.65,100.48,25.7,91,0.0,5.3,2,State of sky on the whole unchanged
2026-05-23,08:00:00,Perak,Taiping,4.85,100.7333,26.6,81,0.0,3.2,2,State of sky on the whole unchanged
2026-05-23,08:00:00,Kuala Lumpur,Kuala Lumpur,3.1478,101.6953,26.5,85,0.0,1.7,3,Clouds generally forming or developing
2026-05-23,08:00:00,Pahang,Kuala Lipis,4.184,102.042,25.9,93,0.0,2.5,3,Clouds generally forming or developing
2026-05-23,08:00:00,Pulau Pinang,Bukit Mertajam,5.3631,100.4667,27.0,88,0.0,3.7,2,State of sky on the whole unchanged
2026-05-23,08:00:00,Pulau Pinang,George Town,5.4145,100.3292,27.7,93,0.0,3.3,95,"Thunderstorm, slight or moderate, without hail** but with rain and/or snow at time of observation - Thunderstorm at time of observation"
2026-05-23,08:00:00,Terengganu,Cukai,4.2332,103.4479,26.7,99,0.0,3.6,95,"Thunderstorm, slight or moderate, without hail** but with rain and/or snow at time of observation - Thunderstorm at time of observation"
2026-05-23,08:00:00,Putrajaya,Putrajaya,2.93,101.69,27.0,82,0.0,4.6,3,Clouds generally forming or developing
2026-05-23,08:00:00,Pahang,Raub,3.7931,101.8569,25.8,77,0.0,4.6,3,Clouds generally forming or developing
2026-05-23,08:00:00,Perlis,Kangar,6.4333,100.2,26.5,88,0.0,4.8,3,Clouds generally forming or developing
2026-05-23,08:00:00,Kedah,Alor Setar,6.1167,100.3667,25.0,98,0.0,5.2,3,Clouds generally forming or developing
2026-05-23,08:00:00,Sabah,Lahad Datu,5.03,118.34,28.4,77,0.0,5.3,3,Clouds generally forming or developing
2026-05-23,08:00:00,Sarawak,Miri,4.4028,113.9933,27.0,83,0.0,8.0,3,Clouds generally forming or developing
2026-05-23,08:00:00,Labuan,Labuan,5.2803,115.2475,28.6,77,0.0,13.5,3,Clouds generally forming or developing
2026-05-23,07:00:00,Pulau Pinang,Butterworth,5.3992,100.3639,26.1,89,0.0,4.0,1,Clouds generally dissolving or becoming less developed
2026-05-23,07:00:00,Sarawak,Kuching,1.5397,110.3542,23.8,97,0.0,7.8,3,Clouds generally forming or developing
2026-05-23,07:00:00,Melaka,Melaka,2.1889,102.2511,25.9,89,0.1,10.1,51,"Drizzle, not freezing, continuous 	slight at time of observation"
2026-05-23,07:00:00,Johor,Kluang,2.0336,103.3194,24.6,96,0.0,7.6,2,State of sky on the whole unchanged
2026-05-23,07:00:00,Perak,Teluk Intan,4.0259,101.0213,26.0,91,0.0,3.4,0,Cloud development not observed or not observable
2026-05-23,07:00:00,Putrajaya,Putrajaya,2.93,101.69,26.5,84,0.0,5.0,2,State of sky on the whole unchanged
2026-05-23,07:00:00,Pahang,Kuantan,3.8167,103.3333,25.6,97,0.3,4.0,51,"Drizzle, not freezing, continuous 	slight at time of observation"
2026-05-23,07:00:00,Perlis,Kangar,6.4333,100.2,25.1,92,0.0,3.6,3,Clouds generally forming or developing
2026-05-23,07:00:00,Labuan,Labuan,5.2803,115.2475,28.2,78,0.0,14.6,3,Clouds generally forming or developing
2026-05-23,07:00:00,Selangor,Klang,3.0333,101.45,26.4,90,0.0,4.2,3,Clouds generally forming or developing
2026-05-23,07:00:00,Selangor,Petaling Jaya,3.1073,101.6067,26.3,85,0.0,2.7,3,Clouds generally forming or developing
2026-05-23,07:00:00,Sarawak,Miri,4.4028,113.9933,25.4,88,0.0,7.4,3,Clouds generally forming or developing
2026-05-23,07:00:00,Terengganu,Cukai,4.2332,103.4479,26.4,97,0.0,2.7,3,Clouds generally forming or developing
2026-05-23,07:00:00,Pulau Pinang,Bukit Mertajam,5.3631,100.4667,26.0,89,0.0,4.0,1,Clouds generally dissolving or becoming less developed
2026-05-23,07:00:00,Kedah,Alor Setar,6.1167,100.3667,24.2,99,0.0,4.8,3,Clouds generally forming or developing
2026-05-23,07:00:00,Sabah,Kota Kinabalu,5.975,116.0725,27.1,77,0.0,5.1,3,Clouds generally forming or developing
2026-05-23,07:00:00,Pulau Pinang,George Town,5.4145,100.3292,26.9,94,0.0,2.3,95,"Thunderstorm, slight or moderate, without hail** but with rain and/or snow at time of observation - Thunderstorm at time of observation"
2026-05-23,07:00:00,Pahang,Raub,3.7931,101.8569,24.0,81,0.0,2.2,3,Clouds generally forming or developing
2026-05-23,07:00:00,Kuala Lumpur,Kuala Lumpur,3.1478,101.6953,25.6,89,0.0,1.9,3,Clouds generally forming or developing
2026-05-23,07:00:00,Sarawak,Bintulu,3.17,113.03,25.3,98,0.1,5.3,51,"Drizzle, not freezing, continuous 	slight at time of observation"
2026-05-23,07:00:00,Selangor,Shah Alam,3.0833,101.5333,26.9,86,0.0,4.3,2,State of sky on the whole unchanged
2026-05-23,07:00:00,Johor,Muar,2.05,102.56,26.5,88,0.0,8.8,1,Clouds generally dissolving or becoming less developed
2026-05-23,07:00:00,Johor,Batu Pahat,1.85,102.93,24.9,97,0.0,6.7,1,Clouds generally dissolving or becoming less developed
2026-05-23,07:00:00,Perak,Taiping,4.85,100.7333,25.6,78,0.0,2.7,1,Clouds generally dissolving or becoming less developed
2026-05-23,07:00:00,Pahang,Kuala Lipis,4.184,102.042,24.6,98,0.0,3.0,3,Clouds generally forming or developing
2026-05-23,07:00:00,Kedah,Sungai Petani,5.65,100.48,24.6,96,0.0,5.1,1,Clouds generally dissolving or becoming less developed
2026-05-23,07:00:00,Sarawak,Sibu,2.3,111.8167,24.5,97,0.0,5.0,3,Clouds generally forming or developing
2026-05-23,07:00:00,Negeri Sembilan,Seremban,2.7297,101.9381,26.2,86,0.0,6.4,1,Clouds generally dissolving or becoming less developed
2026-05-23,07:00:00,Perak,Ipoh,4.6,101.07,25.8,73,0.0,5.6,2,State of sky on the whole unchanged
2026-05-23,07:00:00,Johor,Johor Bahru,1.4556,103.7611,24.0,100,0.0,4.7,3,Clouds generally forming or developing
2026-05-23,07:00:00,Kelantan,Kota Bharu,6.1333,102.25,26.5,92,0.0,6.4,2,State of sky on the whole unchanged
2026-05-23,07:00:00,Terengganu,Kuala Terengganu,5.3303,103.1408,25.2,99,0.0,5.1,3,Clouds generally forming or developing
2026-05-23,07:00:00,Sabah,Lahad Datu,5.03,118.34,27.0,87,0.0,4.5,3,Clouds generally forming or developing
2026-05-23,06:00:00,Pulau Pinang,Bukit Mertajam,5.3631,100.4667,26.3,89,0.0,4.2,2,State of sky on the whole unchanged
2026-05-23,06:00:00,Sarawak,Bintulu,3.17,113.03,25.1,98,0.1,6.6,51,"Drizzle, not freezing, continuous 	slight at time of observation"
2026-05-23,06:00:00,Johor,Batu Pahat,1.85,102.93,25.0,96,0.0,5.6,1,Clouds generally dissolving or becoming less developed
2026-05-23,06:00:00,Selangor,Shah Alam,3.0833,101.5333,27.1,86,0.0,4.5,3,Clouds generally forming or developing
2026-05-23,06:00:00,Johor,Kluang,2.0336,103.3194,24.9,96,0.0,2.6,3,Clouds generally forming or developing
2026-05-23,06:00:00,Labuan,Labuan,5.2803,115.2475,27.9,77,0.0,14.8,3,Clouds generally forming or developing
2026-05-23,06:00:00,Perak,Teluk Intan,4.0259,101.0213,26.2,91,0.0,3.9,1,Clouds generally dissolving or becoming less developed
2026-05-23,06:00:00,Selangor,Petaling Jaya,3.1073,101.6067,26.5,85,0.0,3.2,3,Clouds generally forming or developing
2026-05-23,06:00:00,Perlis,Kangar,6.4333,100.2,25.2,91,0.0,3.6,2,State of sky on the whole unchanged
2026-05-23,06:00:00,Perak,Ipoh,4.6,101.07,26.4,72,0.0,5.1,3,Clouds generally forming or developing
2026-05-23,06:00:00,Kedah,Sungai Petani,5.65,100.48,24.9,96,0.0,5.4,1,Clouds generally dissolving or becoming less developed
2026-05-23,06:00:00,Perak,Taiping,4.85,100.7333,25.9,76,0.0,4.6,1,Clouds generally dissolving or becoming less developed
2026-05-23,06:00:00,Kedah,Alor Setar,6.1167,100.3667,24.6,98,0.0,4.6,3,Clouds generally forming or developing
2026-05-23,06:00:00,Selangor,Klang,3.0333,101.45,26.5,90,0.0,5.0,2,State of sky on the whole unchanged
2026-05-23,06:00:00,Sabah,Lahad Datu,5.03,118.34,25.4,91,0.0,4.5,3,Clouds generally forming or developing
2026-05-23,06:00:00,Kuala Lumpur,Kuala Lumpur,3.1478,101.6953,25.8,88,0.0,2.7,3,Clouds generally forming or developing
2026-05-23,06:00:00,Pulau Pinang,Butterworth,5.3992,100.3639,26.4,89,0.0,4.2,2,State of sky on the whole unchanged
2026-05-23,06:00:00,Pulau Pinang,George Town,5.4145,100.3292,27.2,90,0.0,1.1,2,State of sky on the whole unchanged
2026-05-23,06:00:00,Melaka,Melaka,2.1889,102.2511,25.9,89,0.0,8.2,2,State of sky on the whole unchanged
2026-05-23,06:00:00,Putrajaya,Putrajaya,2.93,101.69,26.6,87,0.0,5.2,2,State of sky on the whole unchanged
2026-05-23,06:00:00,Johor,Muar,2.05,102.56,26.6,88,0.0,8.7,1,Clouds generally dissolving or becoming less developed
2026-05-23,06:00:00,Terengganu,Cukai,4.2332,103.4479,26.5,96,0.0,1.3,3,Clouds generally forming or developing
2026-05-23,06:00:00,Negeri Sembilan,Seremban,2.7297,101.9381,26.5,86,0.0,6.0,3,Clouds generally forming or developing
2026-05-23,06:00:00,Sabah,Kota Kinabalu,5.975,116.0725,25.8,80,0.0,5.1,3,Clouds generally forming or developing
2026-05-23,06:00:00,Sarawak,Kuching,1.5397,110.3542,23.8,97,0.0,6.6,3,Clouds generally forming or developing
2026-05-23,06:00:00,Terengganu,Kuala Terengganu,5.3303,103.1408,25.3,98,0.0,4.1,3,Clouds generally forming or developing
2026-05-23,06:00:00,Sarawak,Miri,4.4028,113.9933,24.8,90,0.0,7.4,3,Clouds generally forming or developing
2026-05-23,06:00:00,Pahang,Raub,3.7931,101.8569,24.3,80,0.0,2.0,3,Clouds generally forming or developing
2026-05-23,06:00:00,Sarawak,Sibu,2.3,111.8167,24.2,98,0.0,4.5,3,Clouds generally forming or developing
2026-05-23,06:00:00,Pahang,Kuantan,3.8167,103.3333,25.8,95,1.2,2.0,55,"Drizzle, not freezing, continuous heavy (dense) at time of observation"
2026-05-23,06:00:00,Johor,Johor Bahru,1.4556,103.7611,24.1,99,0.0,3.8,3,Clouds generally forming or developing
2026-05-23,06:00:00,Kelantan,Kota Bharu,6.1333,102.25,26.6,91,0.0,7.2,3,Clouds generally forming or developing
2026-05-23,06:00:00,Pahang,Kuala Lipis,4.184,102.042,24.9,96,0.0,1.8,3,Clouds generally forming or developing
2026-05-23,05:00:00,Terengganu,Kuala Terengganu,5.3303,103.1408,25.6,97,0.0,3.0,2,State of sky on the whole unchanged
2026-05-23,05:00:00,Selangor,Shah Alam,3.0833,101.5333,27.2,86,0.0,4.1,1,Clouds generally dissolving or becoming less developed
2026-05-23,05:00:00,Perlis,Kangar,6.4333,100.2,25.6,90,0.0,3.4,3,Clouds generally forming or developing
2026-05-23,05:00:00,Johor,Muar,2.05,102.56,26.8,86,0.0,7.6,2,State of sky on the whole unchanged
2026-05-23,05:00:00,Pulau Pinang,Bukit Mertajam,5.3631,100.4667,26.6,87,0.0,3.5,2,State of sky on the whole unchanged
2026-05-23,05:00:00,Johor,Kluang,2.0336,103.3194,24.9,96,0.0,2.3,1,Clouds generally dissolving or becoming less developed
2026-05-23,05:00:00,Sabah,Lahad Datu,5.03,118.34,25.3,92,0.0,3.8,3,Clouds generally forming or developing
2026-05-23,05:00:00,Sarawak,Kuching,1.5397,110.3542,23.8,97,0.0,6.4,3,Clouds generally forming or developing
2026-05-23,05:00:00,Johor,Batu Pahat,1.85,102.93,25.2,94,0.0,5.2,1,Clouds generally dissolving or becoming less developed
2026-05-23,05:00:00,Perak,Taiping,4.85,100.7333,26.2,74,0.0,5.0,2,State of sky on the whole unchanged
2026-05-23,05:00:00,Pahang,Kuantan,3.8167,103.3333,25.4,96,1.6,5.0,80,"Rain shower(s), slight"
2026-05-23,05:00:00,Sarawak,Bintulu,3.17,113.03,25.1,98,0.4,8.1,51,"Drizzle, not freezing, continuous 	slight at time of observation"
2026-05-23,05:00:00,Terengganu,Cukai,4.2332,103.4479,26.5,97,0.3,1.8,51,"Drizzle, not freezing, continuous 	slight at time of observation"
2026-05-23,05:00:00,Kedah,Sungai Petani,5.65,100.48,25.4,95,0.0,3.2,2,State of sky on the whole unchanged
2026-05-23,05:00:00,Negeri Sembilan,Seremban,2.7297,101.9381,27.0,83,0.0,4.4,2,State of sky on the whole unchanged
2026-05-23,05:00:00,Pahang,Kuala Lipis,4.184,102.042,25.4,94,0.0,2.3,3,Clouds generally forming or developing
2026-05-23,05:00:00,Selangor,Petaling Jaya,3.1073,101.6067,26.8,86,0.0,3.6,2,State of sky on the whole unchanged
2026-05-23,05:00:00,Sarawak,Sibu,2.3,111.8167,24.2,98,0.0,3.2,3,Clouds generally forming or developing
2026-05-23,05:00:00,Perak,Teluk Intan,4.0259,101.0213,26.5,91,0.0,3.8,3,Clouds generally forming or developing
2026-05-23,05:00:00,Sarawak,Miri,4.4028,113.9933,25.0,91,0.0,9.7,3,Clouds generally forming or developing
2026-05-23,05:00:00,Pulau Pinang,Butterworth,5.3992,100.3639,26.7,87,0.0,3.5,2,State of sky on the whole unchanged
2026-05-23,05:00:00,Putrajaya,Putrajaya,2.93,101.69,26.8,89,0.0,5.1,2,State of sky on the whole unchanged
2026-05-23,05:00:00,Johor,Johor Bahru,1.4556,103.7611,24.1,100,0.0,2.5,3,Clouds generally forming or developing
2026-05-23,05:00:00,Perak,Ipoh,4.6,101.07,26.8,72,0.0,5.6,3,Clouds generally forming or developing
2026-05-23,05:00:00,Sabah,Kota Kinabalu,5.975,116.0725,25.6,81,0.0,6.0,3,Clouds generally forming or developing
2026-05-23,05:00:00,Pulau Pinang,George Town,5.4145,100.3292,27.2,91,0.0,1.8,1,Clouds generally dissolving or becoming less developed
2026-05-23,05:00:00,Melaka,Melaka,2.1889,102.2511,26.2,87,0.0,7.3,3,Clouds generally forming or developing
2026-05-23,05:00:00,Labuan,Labuan,5.2803,115.2475,28.0,78,0.0,13.9,3,Clouds generally forming or developing
2026-05-23,05:00:00,Kuala Lumpur,Kuala Lumpur,3.1478,101.6953,26.0,88,0.0,3.5,3,Clouds generally forming or developing
2026-05-23,05:00:00,Pahang,Raub,3.7931,101.8569,24.8,77,0.0,1.8,2,State of sky on the whole unchanged
2026-05-23,05:00:00,Kelantan,Kota Bharu,6.1333,102.25,26.9,88,0.0,6.2,3,Clouds generally forming or developing
2026-05-23,05:00:00,Selangor,Klang,3.0333,101.45,26.6,88,0.0,5.1,1,Clouds generally dissolving or becoming less developed
2026-05-23,05:00:00,Kedah,Alor Setar,6.1167,100.3667,25.0,96,0.0,3.9,3,Clouds generally forming or developing
2026-05-23,04:00:00,Melaka,Melaka,2.1889,102.2511,26.4,85,0.0,7.8,2,State of sky on the whole unchanged
2026-05-23,04:00:00,Pulau Pinang,George Town,5.4145,100.3292,27.1,91,0.0,1.8,3,Clouds generally forming or developing
2026-05-23,04:00:00,Kelantan,Kota Bharu,6.1333,102.25,27.1,85,0.0,4.9,2,State of sky on the whole unchanged
2026-05-23,04:00:00,Johor,Johor Bahru,1.4556,103.7611,24.3,99,0.0,2.4,2,State of sky on the whole unchanged
2026-05-23,04:00:00,Negeri Sembilan,Seremban,2.7297,101.9381,27.5,81,0.0,1.9,2,State of sky on the whole unchanged
2026-05-23,04:00:00,Terengganu,Kuala Terengganu,5.3303,103.1408,25.8,96,0.0,2.9,3,Clouds generally forming or developing
2026-05-23,04:00:00,Pulau Pinang,Butterworth,5.3992,100.3639,27.0,86,0.0,3.7,3,Clouds generally forming or developing
2026-05-23,04:00:00,Labuan,Labuan,5.2803,115.2475,27.9,80,0.0,11.8,3,Clouds generally forming or developing
2026-05-23,04:00:00,Sarawak,Sibu,2.3,111.8167,24.2,98,0.0,3.3,3,Clouds generally forming or developing
2026-05-23,04:00:00,Selangor,Petaling Jaya,3.1073,101.6067,27.1,87,0.0,3.2,1,Clouds generally dissolving or becoming less developed
2026-05-23,04:00:00,Johor,Muar,2.05,102.56,26.9,85,0.0,6.0,3,Clouds generally forming or developing
2026-05-23,04:00:00,Pahang,Kuantan,3.8167,103.3333,25.5,95,0.1,8.1,81,"Rain shower(s), moderate or heavy"
2026-05-23,04:00:00,Sarawak,Miri,4.4028,113.9933,25.1,91,0.0,9.8,3,Clouds generally forming or developing
2026-05-23,04:00:00,Selangor,Klang,3.0333,101.45,27.2,84,0.0,2.8,1,Clouds generally dissolving or becoming less developed
2026-05-23,04:00:00,Pahang,Raub,3.7931,101.8569,25.1,77,0.0,0.5,1,Clouds generally dissolving or becoming less developed
2026-05-23,04:00:00,Putrajaya,Putrajaya,2.93,101.69,26.7,91,0.0,4.0,1,Clouds generally dissolving or becoming less developed
2026-05-23,04:00:00,Kedah,Alor Setar,6.1167,100.3667,25.2,96,0.0,4.3,3,Clouds generally forming or developing
2026-05-23,04:00:00,Perak,Teluk Intan,4.0259,101.0213,26.8,89,0.0,3.6,1,Clouds generally dissolving or becoming less developed
2026-05-23,04:00:00,Johor,Batu Pahat,1.85,102.93,25.5,92,0.0,3.6,1,Clouds generally dissolving or becoming less developed
2026-05-23,04:00:00,Johor,Kluang,2.0336,103.3194,24.9,96,0.0,2.2,1,Clouds generally dissolving or becoming less developed
2026-05-23,04:00:00,Perak,Ipoh,4.6,101.07,26.9,73,0.0,6.3,2,State of sky on the whole unchanged
2026-05-23,04:00:00,Kuala Lumpur,Kuala Lumpur,3.1478,101.6953,26.4,89,0.0,3.8,1,Clouds generally dissolving or becoming less developed
2026-05-23,04:00:00,Sarawak,Bintulu,3.17,113.03,25.3,97,0.1,7.7,51,"Drizzle, not freezing, continuous 	slight at time of observation"
2026-05-23,04:00:00,Terengganu,Cukai,4.2332,103.4479,26.1,99,0.5,3.7,53,"Drizzle, not freezing, continuous 	moderate at time of observation"
2026-05-23,04:00:00,Selangor,Shah Alam,3.0833,101.5333,27.7,82,0.0,2.8,1,Clouds generally dissolving or becoming less developed
2026-05-23,04:00:00,Kedah,Sungai Petani,5.65,100.48,25.5,94,0.0,1.4,3,Clouds generally forming or developing
2026-05-23,04:00:00,Perak,Taiping,4.85,100.7333,26.5,73,0.0,4.1,3,Clouds generally forming or developing
2026-05-23,04:00:00,Pahang,Kuala Lipis,4.184,102.042,26.1,88,0.0,0.7,2,State of sky on the whole unchanged
2026-05-23,04:00:00,Perlis,Kangar,6.4333,100.2,25.7,90,0.0,4.0,3,Clouds generally forming or developing
2026-05-23,04:00:00,Pulau Pinang,Bukit Mertajam,5.3631,100.4667,26.9,86,0.0,3.7,3,Clouds generally forming or developing
2026-05-23,04:00:00,Sabah,Lahad Datu,5.03,118.34,25.1,93,0.0,3.5,3,Clouds generally forming or developing
2026-05-23,04:00:00,Sarawak,Kuching,1.5397,110.3542,24.0,98,0.0,6.8,3,Clouds generally forming or developing
2026-05-23,04:00:00,Sabah,Kota Kinabalu,5.975,116.0725,25.5,81,0.0,4.6,3,Clouds generally forming or developing
2026-05-23,03:00:00,Pulau Pinang,Butterworth,5.3992,100.3639,27.1,87,0.0,3.8,3,Clouds generally forming or developing
2026-05-23,03:00:00,Kedah,Alor Setar,6.1167,100.3667,25.4,96,0.0,4.7,3,Clouds generally forming or developing
2026-05-23,03:00:00,Sarawak,Miri,4.4028,113.9933,25.2,91,0.0,11.3,3,Clouds generally forming or developing
2026-05-23,03:00:00,Johor,Batu Pahat,1.85,102.93,26.0,88,0.0,3.9,2,State of sky on the whole unchanged
2026-05-23,03:00:00,Putrajaya,Putrajaya,2.93,101.69,27.1,88,0.0,3.2,1,Clouds generally dissolving or becoming less developed
2026-05-23,03:00:00,Labuan,Labuan,5.2803,115.2475,27.9,80,0.0,11.8,3,Clouds generally forming or developing
2026-05-23,03:00:00,Pahang,Raub,3.7931,101.8569,25.5,76,0.0,0.5,2,State of sky on the whole unchanged
2026-05-23,03:00:00,Sabah,Kota Kinabalu,5.975,116.0725,25.5,82,0.0,4.8,3,Clouds generally forming or developing
2026-05-23,03:00:00,Perak,Teluk Intan,4.0259,101.0213,27.4,84,0.0,0.4,1,Clouds generally dissolving or becoming less developed
2026-05-23,03:00:00,Pahang,Kuala Lipis,4.184,102.042,26.8,84,0.0,0.4,3,Clouds generally forming or developing
2026-05-23,03:00:00,Johor,Kluang,2.0336,103.3194,25.5,93,0.0,3.1,0,Cloud development not observed or not observable
2026-05-23,03:00:00,Sarawak,Bintulu,3.17,113.03,25.7,96,0.1,6.1,51,"Drizzle, not freezing, continuous 	slight at time of observation"
2026-05-23,03:00:00,Terengganu,Kuala Terengganu,5.3303,103.1408,26.0,95,0.0,2.8,3,Clouds generally forming or developing
2026-05-23,03:00:00,Pahang,Kuantan,3.8167,103.3333,26.1,93,0.3,3.1,51,"Drizzle, not freezing, continuous 	slight at time of observation"
2026-05-23,03:00:00,Selangor,Petaling Jaya,3.1073,101.6067,27.6,85,0.0,2.9,1,Clouds generally dissolving or becoming less developed
2026-05-23,03:00:00,Perak,Taiping,4.85,100.7333,26.5,75,0.0,4.2,3,Clouds generally forming or developing
2026-05-23,03:00:00,Selangor,Klang,3.0333,101.45,27.5,85,0.0,2.0,2,State of sky on the whole unchanged
2026-05-23,03:00:00,Perlis,Kangar,6.4333,100.2,25.9,89,0.0,4.3,3,Clouds generally forming or developing
2026-05-23,03:00:00,Pulau Pinang,Bukit Mertajam,5.3631,100.4667,27.0,87,0.0,3.8,3,Clouds generally forming or developing
2026-05-23,03:00:00,Melaka,Melaka,2.1889,102.2511,26.8,85,0.0,8.6,1,Clouds generally dissolving or becoming less developed
2026-05-23,03:00:00,Perak,Ipoh,4.6,101.07,27.2,72,0.0,3.8,2,State of sky on the whole unchanged
2026-05-23,03:00:00,Sarawak,Kuching,1.5397,110.3542,24.1,98,0.0,7.3,3,Clouds generally forming or developing
2026-05-23,03:00:00,Negeri Sembilan,Seremban,2.7297,101.9381,27.5,84,0.0,2.7,1,Clouds generally dissolving or becoming less developed
2026-05-23,03:00:00,Kelantan,Kota Bharu,6.1333,102.25,27.2,85,0.0,6.3,2,State of sky on the whole unchanged
2026-05-23,03:00:00,Terengganu,Cukai,4.2332,103.4479,25.9,97,0.4,6.5,80,"Rain shower(s), slight"
2026-05-23,03:00:00,Johor,Muar,2.05,102.56,27.0,83,0.0,7.5,2,State of sky on the whole unchanged
2026-05-23,03:00:00,Johor,Johor Bahru,1.4556,103.7611,24.6,97,0.0,2.5,1,Clouds generally dissolving or becoming less developed
2026-05-23,03:00:00,Kuala Lumpur,Kuala Lumpur,3.1478,101.6953,26.6,91,0.0,4.6,1,Clouds generally dissolving or becoming less developed
2026-05-23,03:00:00,Pulau Pinang,George Town,5.4145,100.3292,27.3,91,0.0,0.5,3,Clouds generally forming or developing
2026-05-23,03:00:00,Sabah,Lahad Datu,5.03,118.34,25.2,94,0.0,3.2,3,Clouds generally forming or developing
2026-05-23,03:00:00,Kedah,Sungai Petani,5.65,100.48,25.7,93,0.0,1.5,3,Clouds generally forming or developing
2026-05-23,03:00:00,Sarawak,Sibu,2.3,111.8167,24.4,98,0.0,6.8,3,Clouds generally forming or developing
2026-05-23,03:00:00,Selangor,Shah Alam,3.0833,101.5333,28.1,80,0.0,2.3,2,State of sky on the whole unchanged
2026-05-23,02:00:00,Kelantan,Kota Bharu,6.1333,102.25,27.4,89,0.0,7.3,1,Clouds generally dissolving or becoming less developed
2026-05-23,02:00:00,Sarawak,Bintulu,3.17,113.03,25.9,95,0.0,5.8,3,Clouds generally forming or developing
2026-05-23,02:00:00,Perak,Teluk Intan,4.0259,101.0213,27.4,84,0.0,0.9,0,Cloud development not observed or not observable
2026-05-23,02:00:00,Kuala Lumpur,Kuala Lumpur,3.1478,101.6953,27.5,90,0.0,1.6,1,Clouds generally dissolving or becoming less developed
2026-05-23,02:00:00,Sarawak,Miri,4.4028,113.9933,25.5,91,0.0,12.1,3,Clouds generally forming or developing
2026-05-23,02:00:00,Johor,Kluang,2.0336,103.3194,26.0,90,0.0,3.5,3,Clouds generally forming or developing
2026-05-23,02:00:00,Selangor,Klang,3.0333,101.45,27.7,84,0.0,3.8,2,State of sky on the whole unchanged
2026-05-23,02:00:00,Pahang,Kuala Lipis,4.184,102.042,27.1,83,0.0,0.9,3,Clouds generally forming or developing
2026-05-23,02:00:00,Perak,Taiping,4.85,100.7333,26.6,76,0.0,4.1,3,Clouds generally forming or developing
2026-05-23,02:00:00,Sarawak,Sibu,2.3,111.8167,24.8,98,0.0,6.7,3,Clouds generally forming or developing
2026-05-23,02:00:00,Terengganu,Kuala Terengganu,5.3303,103.1408,26.3,94,0.0,2.2,3,Clouds generally forming or developing
2026-05-23,02:00:00,Sarawak,Kuching,1.5397,110.3542,24.3,98,0.0,7.3,3,Clouds generally forming or developing
2026-05-23,02:00:00,Kedah,Sungai Petani,5.65,100.48,25.7,94,0.0,1.2,3,Clouds generally forming or developing
2026-05-23,02:00:00,Kedah,Alor Setar,6.1167,100.3667,25.7,94,0.0,4.1,3,Clouds generally forming or developing
2026-05-23,02:00:00,Sabah,Kota Kinabalu,5.975,116.0725,25.6,83,0.0,5.4,3,Clouds generally forming or developing
2026-05-23,02:00:00,Terengganu,Cukai,4.2332,103.4479,26.6,92,0.0,4.2,3,Clouds generally forming or developing
2026-05-23,02:00:00,Johor,Johor Bahru,1.4556,103.7611,25.2,96,0.0,2.5,3,Clouds generally forming or developing
2026-05-23,02:00:00,Melaka,Melaka,2.1889,102.2511,27.2,87,0.1,6.1,51,"Drizzle, not freezing, continuous 	slight at time of observation"
2026-05-23,02:00:00,Pahang,Kuantan,3.8167,103.3333,26.2,92,0.0,5.6,3,Clouds generally forming or developing
2026-05-23,02:00:00,Pulau Pinang,Butterworth,5.3992,100.3639,27.5,85,0.0,3.1,3,Clouds generally forming or developing
2026-05-23,02:00:00,Labuan,Labuan,5.2803,115.2475,27.8,83,0.0,10.4,3,Clouds generally forming or developing
2026-05-23,02:00:00,Pahang,Raub,3.7931,101.8569,26.0,75,0.0,1.5,2,State of sky on the whole unchanged
2026-05-23,02:00:00,Pulau Pinang,Bukit Mertajam,5.3631,100.4667,27.5,85,0.0,3.1,3,Clouds generally forming or developing
2026-05-23,02:00:00,Perlis,Kangar,6.4333,100.2,26.2,86,0.0,4.6,2,State of sky on the whole unchanged
2026-05-23,02:00:00,Putrajaya,Putrajaya,2.93,101.69,27.9,86,0.0,2.9,2,State of sky on the whole unchanged
2026-05-23,02:00:00,Johor,Muar,2.05,102.56,27.5,79,0.0,8.6,2,State of sky on the whole unchanged
2026-05-23,02:00:00,Sabah,Lahad Datu,5.03,118.34,25.3,94,0.0,2.4,3,Clouds generally forming or developing
2026-05-23,02:00:00,Johor,Batu Pahat,1.85,102.93,26.4,85,0.0,4.6,51,"Drizzle, not freezing, continuous 	slight at time of observation"
2026-05-23,02:00:00,Negeri Sembilan,Seremban,2.7297,101.9381,28.0,84,0.0,2.2,2,State of sky on the whole unchanged
2026-05-23,02:00:00,Selangor,Shah Alam,3.0833,101.5333,28.3,79,0.0,3.5,2,State of sky on the whole unchanged
2026-05-23,02:00:00,Selangor,Petaling Jaya,3.1073,101.6067,28.4,82,0.0,1.0,2,State of sky on the whole unchanged
2026-05-23,02:00:00,Perak,Ipoh,4.6,101.07,27.6,70,0.0,2.9,2,State of sky on the whole unchanged
2026-05-23,02:00:00,Pulau Pinang,George Town,5.4145,100.3292,27.5,92,0.0,0.6,3,Clouds generally forming or developing
2026-05-23,01:00:00,Terengganu,Kuala Terengganu,5.3303,103.1408,26.4,94,0.0,3.1,0,Cloud development not observed or not observable
2026-05-23,01:00:00,Johor,Batu Pahat,1.85,102.93,26.2,86,0.0,6.8,51,"Drizzle, not freezing, continuous 	slight at time of observation"
2026-05-23,01:00:00,Selangor,Klang,3.0333,101.45,27.7,85,0.0,4.2,3,Clouds generally forming or developing
2026-05-23,01:00:00,Negeri Sembilan,Seremban,2.7297,101.9381,27.3,88,0.0,2.1,3,Clouds generally forming or developing
2026-05-23,01:00:00,Sabah,Kota Kinabalu,5.975,116.0725,25.7,81,0.0,4.5,3,Clouds generally forming or developing
2026-05-23,01:00:00,Melaka,Melaka,2.1889,102.2511,27.2,86,0.0,4.1,3,Clouds generally forming or developing
2026-05-23,01:00:00,Pahang,Kuala Lipis,4.184,102.042,26.9,82,0.0,0.9,3,Clouds generally forming or developing
2026-05-23,01:00:00,Selangor,Shah Alam,3.0833,101.5333,28.4,82,0.0,3.5,3,Clouds generally forming or developing
2026-05-23,01:00:00,Selangor,Petaling Jaya,3.1073,101.6067,28.2,84,0.0,1.6,3,Clouds generally forming or developing
2026-05-23,01:00:00,Pulau Pinang,George Town,5.4145,100.3292,28.1,88,0.0,1.1,3,Clouds generally forming or developing
2026-05-23,01:00:00,Pulau Pinang,Butterworth,5.3992,100.3639,27.9,84,0.0,2.6,3,Clouds generally forming or developing
2026-05-23,01:00:00,Perak,Ipoh,4.6,101.07,28.1,68,0.0,2.1,3,Clouds generally forming or developing
2026-05-23,01:00:00,Pahang,Raub,3.7931,101.8569,25.8,75,0.0,3.1,2,State of sky on the whole unchanged
2026-05-23,01:00:00,Sarawak,Kuching,1.5397,110.3542,24.5,99,0.0,5.8,3,Clouds generally forming or developing
2026-05-23,01:00:00,Terengganu,Cukai,4.2332,103.4479,26.6,92,0.0,4.4,2,State of sky on the whole unchanged
2026-05-23,01:00:00,Sabah,Lahad Datu,5.03,118.34,25.7,94,0.0,1.5,2,State of sky on the whole unchanged
2026-05-23,01:00:00,Kedah,Alor Setar,6.1167,100.3667,26.1,90,0.0,4.6,2,State of sky on the whole unchanged
2026-05-23,01:00:00,Kelantan,Kota Bharu,6.1333,102.25,27.7,89,0.0,7.0,2,State of sky on the whole unchanged
2026-05-23,01:00:00,Johor,Johor Bahru,1.4556,103.7611,26.0,93,0.0,2.8,2,State of sky on the whole unchanged
2026-05-23,01:00:00,Pahang,Kuantan,3.8167,103.3333,26.5,91,0.0,5.3,2,State of sky on the whole unchanged
2026-05-23,01:00:00,Kuala Lumpur,Kuala Lumpur,3.1478,101.6953,27.1,90,0.0,1.1,2,State of sky on the whole unchanged
2026-05-23,01:00:00,Perlis,Kangar,6.4333,100.2,26.5,81,0.0,5.5,1,Clouds generally dissolving or becoming less developed
2026-05-23,01:00:00,Perak,Teluk Intan,4.0259,101.0213,27.5,85,0.0,1.9,1,Clouds generally dissolving or becoming less developed
2026-05-23,01:00:00,Kedah,Sungai Petani,5.65,100.48,26.0,94,0.0,4.6,3,Clouds generally forming or developing
2026-05-23,01:00:00,Sarawak,Miri,4.4028,113.9933,25.8,90,0.0,11.1,3,Clouds generally forming or developing
2026-05-23,01:00:00,Putrajaya,Putrajaya,2.93,101.69,27.8,86,0.0,2.5,3,Clouds generally forming or developing
2026-05-23,01:00:00,Pulau Pinang,Bukit Mertajam,5.3631,100.4667,27.9,84,0.0,2.6,3,Clouds generally forming or developing
2026-05-23,01:00:00,Johor,Kluang,2.0336,103.3194,26.3,90,0.0,3.8,3,Clouds generally forming or developing
2026-05-23,01:00:00,Sarawak,Sibu,2.3,111.8167,25.0,99,0.0,5.9,3,Clouds generally forming or developing
2026-05-23,01:00:00,Sarawak,Bintulu,3.17,113.03,25.7,96,0.0,4.3,3,Clouds generally forming or developing
2026-05-23,01:00:00,Perak,Taiping,4.85,100.7333,26.9,78,0.0,2.3,3,Clouds generally forming or developing
2026-05-23,01:00:00,Johor,Muar,2.05,102.56,27.9,79,0.0,6.7,3,Clouds generally forming or developing
2026-05-23,01:00:00,Labuan,Labuan,5.2803,115.2475,27.8,83,0.0,10.7,3,Clouds generally forming or developing
2026-05-23,00:00:00,Sarawak,Bintulu,3.17,113.03,26.0,95,0.0,5.6,3,Clouds generally forming or developing
2026-05-23,00:00:00,Sabah,Lahad Datu,5.03,118.34,25.9,95,0.0,1.3,2,State of sky on the whole unchanged
2026-05-23,00:00:00,Perak,Teluk Intan,4.0259,101.0213,27.5,85,0.0,2.3,3,Clouds generally forming or developing
2026-05-23,00:00:00,Kedah,Alor Setar,6.1167,100.3667,26.8,85,0.0,4.5,2,State of sky on the whole unchanged
2026-05-23,00:00:00,Terengganu,Kuala Terengganu,5.3303,103.1408,26.7,95,0.0,4.8,2,State of sky on the whole unchanged
2026-05-23,00:00:00,Sarawak,Kuching,1.5397,110.3542,24.5,98,0.0,5.4,3,Clouds generally forming or developing
2026-05-23,00:00:00,Putrajaya,Putrajaya,2.93,101.69,27.5,88,0.0,2.8,3,Clouds generally forming or developing
2026-05-23,00:00:00,Kuala Lumpur,Kuala Lumpur,3.1478,101.6953,27.8,86,0.0,1.3,3,Clouds generally forming or developing
2026-05-23,00:00:00,Labuan,Labuan,5.2803,115.2475,27.6,86,0.0,8.5,3,Clouds generally forming or developing
2026-05-23,00:00:00,Terengganu,Cukai,4.2332,103.4479,26.9,91,0.0,5.3,1,Clouds generally dissolving or becoming less developed
2026-05-23,00:00:00,Pahang,Raub,3.7931,101.8569,25.9,77,0.0,1.9,3,Clouds generally forming or developing
2026-05-23,00:00:00,Perlis,Kangar,6.4333,100.2,27.0,79,0.0,6.3,1,Clouds generally dissolving or becoming less developed
2026-05-23,00:00:00,Pahang,Kuala Lipis,4.184,102.042,27.0,82,0.0,1.5,3,Clouds generally forming or developing
2026-05-23,00:00:00,Pahang,Kuantan,3.8167,103.3333,26.9,91,0.0,6.1,1,Clouds generally dissolving or becoming less developed
2026-05-23,00:00:00,Johor,Batu Pahat,1.85,102.93,26.6,85,0.0,5.6,3,Clouds generally forming or developing
2026-05-23,00:00:00,Perak,Ipoh,4.6,101.07,28.8,65,0.0,2.3,3,Clouds generally forming or developing
2026-05-23,00:00:00,Selangor,Klang,3.0333,101.45,27.6,86,0.0,4.0,3,Clouds generally forming or developing
2026-05-23,00:00:00,Johor,Johor Bahru,1.4556,103.7611,26.2,92,0.0,3.3,3,Clouds generally forming or developing
2026-05-23,00:00:00,Kedah,Sungai Petani,5.65,100.48,26.3,95,0.0,5.5,3,Clouds generally forming or developing
2026-05-23,00:00:00,Negeri Sembilan,Seremban,2.7297,101.9381,27.2,90,0.0,2.7,3,Clouds generally forming or developing
2026-05-23,00:00:00,Perak,Taiping,4.85,100.7333,26.8,80,0.0,2.3,3,Clouds generally forming or developing
2026-05-23,00:00:00,Sabah,Kota Kinabalu,5.975,116.0725,25.7,82,0.0,4.8,3,Clouds generally forming or developing
2026-05-23,00:00:00,Sarawak,Miri,4.4028,113.9933,25.9,91,0.0,10.0,3,Clouds generally forming or developing
2026-05-23,00:00:00,Kelantan,Kota Bharu,6.1333,102.25,28.3,85,0.0,5.8,3,Clouds generally forming or developing
2026-05-23,00:00:00,Pulau Pinang,Bukit Mertajam,5.3631,100.4667,27.6,85,0.0,3.2,3,Clouds generally forming or developing
2026-05-23,00:00:00,Sarawak,Sibu,2.3,111.8167,25.4,99,0.0,6.6,3,Clouds generally forming or developing
2026-05-23,00:00:00,Selangor,Shah Alam,3.0833,101.5333,28.1,84,0.0,3.5,3,Clouds generally forming or developing
2026-05-23,00:00:00,Selangor,Petaling Jaya,3.1073,101.6067,28.5,82,0.0,2.4,3,Clouds generally forming or developing
2026-05-23,00:00:00,Johor,Muar,2.05,102.56,28.1,81,0.0,3.4,3,Clouds generally forming or developing
2026-05-23,00:00:00,Pulau Pinang,George Town,5.4145,100.3292,28.4,84,0.0,1.1,3,Clouds generally forming or developing
2026-05-23,00:00:00,Pulau Pinang,Butterworth,5.3992,100.3639,27.7,85,0.0,3.2,3,Clouds generally forming or developing
2026-05-23,00:00:00,Johor,Kluang,2.0336,103.3194,26.4,90,0.0,4.1,3,Clouds generally forming or developing
2026-05-23,00:00:00,Melaka,Melaka,2.1889,102.2511,27.8,83,0.0,4.8,3,Clouds generally forming or developing
2026-05-23,15:00:00,Pahang,Raub,3.7931,101.8569,25.5,92,1.1,14.0,55,"Drizzle, not freezing, continuous heavy (dense) at time of observation"
2026-05-23,15:00:00,Sarawak,Kuching,1.5397,110.3542,31.1,62,0.0,2.7,3,Clouds generally forming or developing
2026-05-23,15:00:00,Selangor,Shah Alam,3.0833,101.5333,32.4,55,0.1,7.8,51,"Drizzle, not freezing, continuous 	slight at time of observation"
2026-05-23,15:00:00,Pahang,Kuantan,3.8167,103.3333,29.8,76,0.1,7.6,51,"Drizzle, not freezing, continuous 	slight at time of observation"
2026-05-23,15:00:00,Perak,Teluk Intan,4.0259,101.0213,31.1,63,0.1,9.7,51,"Drizzle, not freezing, continuous 	slight at time of observation"
2026-05-23,15:00:00,Labuan,Labuan,5.2803,115.2475,30.2,69,0.0,15.2,1,Clouds generally dissolving or becoming less developed
2026-05-23,15:00:00,Perlis,Kangar,6.4333,100.2,32.7,57,0.0,12.5,3,Clouds generally forming or developing
2026-05-23,15:00:00,Selangor,Klang,3.0333,101.45,33.3,50,0.0,4.0,3,Clouds generally forming or developing
2026-05-23,15:00:00,Sarawak,Miri,4.4028,113.9933,30.0,72,0.0,14.9,1,Clouds generally dissolving or becoming less developed
2026-05-23,15:00:00,Negeri Sembilan,Seremban,2.7297,101.9381,27.4,89,1.5,3.2,80,"Rain shower(s), slight"
2026-05-23,15:00:00,Terengganu,Cukai,4.2332,103.4479,30.5,71,0.0,8.6,51,"Drizzle, not freezing, continuous 	slight at time of observation"
2026-05-23,15:00:00,Putrajaya,Putrajaya,2.93,101.69,28.5,79,0.4,15.3,51,"Drizzle, not freezing, continuous 	slight at time of observation"
2026-05-23,15:00:00,Sabah,Lahad Datu,5.03,118.34,32.0,61,0.2,4.4,51,"Drizzle, not freezing, continuous 	slight at time of observation"
2026-05-23,15:00:00,Johor,Johor Bahru,1.4556,103.7611,25.9,94,1.4,7.3,81,"Rain shower(s), moderate or heavy"
2026-05-23,15:00:00,Kelantan,Kota Bharu,6.1333,102.25,32.0,63,0.1,8.1,51,"Drizzle, not freezing, continuous 	slight at time of observation"
2026-05-23,15:00:00,Pulau Pinang,George Town,5.4145,100.3292,32.5,59,0.0,9.7,2,State of sky on the whole unchanged
2026-05-23,15:00:00,Kedah,Sungai Petani,5.65,100.48,33.3,55,0.0,7.6,3,Clouds generally forming or developing
2026-05-23,15:00:00,Selangor,Petaling Jaya,3.1073,101.6067,33.2,50,0.0,8.1,51,"Drizzle, not freezing, continuous 	slight at time of observation"
2026-05-23,15:00:00,Johor,Batu Pahat,1.85,102.93,27.5,88,0.1,7.3,51,"Drizzle, not freezing, continuous 	slight at time of observation"
2026-05-23,15:00:00,Pulau Pinang,Butterworth,5.3992,100.3639,33.0,55,0.0,8.0,3,Clouds generally forming or developing
2026-05-23,15:00:00,Kuala Lumpur,Kuala Lumpur,3.1478,101.6953,33.0,50,0.1,7.9,51,"Drizzle, not freezing, continuous 	slight at time of observation"
2026-05-23,15:00:00,Johor,Muar,2.05,102.56,26.8,89,0.4,14.8,51,"Drizzle, not freezing, continuous 	slight at time of observation"
2026-05-23,15:00:00,Sabah,Kota Kinabalu,5.975,116.0725,29.7,74,0.0,3.1,51,"Drizzle, not freezing, continuous 	slight at time of observation"
2026-05-23,15:00:00,Sabah,Tawau,4.2448,117.8911,31.2,67,0.1,10.9,51,"Drizzle, not freezing, continuous 	slight at time of observation"
2026-05-23,15:00:00,Johor,Kluang,2.0336,103.3194,27.5,89,0.4,4.6,51,"Drizzle, not freezing, continuous 	slight at time of observation"
2026-05-23,15:00:00,Perak,Taiping,4.85,100.7333,33.3,59,0.0,4.4,3,Clouds generally forming or developing
2026-05-23,15:00:00,Sarawak,Sibu,2.3,111.8167,29.2,80,0.1,7.8,51,"Drizzle, not freezing, continuous 	slight at time of observation"
2026-05-23,15:00:00,Kedah,Alor Setar,6.1167,100.3667,32.6,62,0.0,8.6,3,Clouds generally forming or developing
2026-05-23,15:00:00,Perak,Ipoh,4.6,101.07,35.5,39,0.0,7.9,3,Clouds generally forming or developing
2026-05-23,15:00:00,Sarawak,Bintulu,3.17,113.03,29.6,79,0.1,10.3,51,"Drizzle, not freezing, continuous 	slight at time of observation"
2026-05-23,15:00:00,Terengganu,Kuala Terengganu,5.3303,103.1408,30.6,72,0.0,5.1,51,"Drizzle, not freezing, continuous 	slight at time of observation"
2026-05-23,15:00:00,Sabah,Sandakan,5.8388,118.1173,30.9,69,0.7,11.0,53,"Drizzle, not freezing, continuous 	moderate at time of observation"
2026-05-23,14:00:00,Kelantan,Kota Bharu,6.1333,102.25,31.6,65,0.1,9.6,51,"Drizzle, not freezing, continuous 	slight at time of observation"
2026-05-23,14:00:00,Sabah,Sandakan,5.8388,118.1173,30.9,69,0.3,9.2,53,"Drizzle, not freezing, continuous 	moderate at time of observation"
2026-05-23,14:00:00,Sabah,Tawau,4.2448,117.8911,32.7,60,0.0,9.6,2,State of sky on the whole unchanged
2026-05-23,14:00:00,Johor,Kluang,2.0336,103.3194,27.1,90,0.5,6.0,53,"Drizzle, not freezing, continuous 	moderate at time of observation"
2026-05-23,14:00:00,Sabah,Kota Kinabalu,5.975,116.0725,29.8,75,0.0,4.8,51,"Drizzle, not freezing, continuous 	slight at time of observation"
2026-05-23,14:00:00,Johor,Batu Pahat,1.85,102.93,25.8,93,0.5,13.6,53,"Drizzle, not freezing, continuous 	moderate at time of observation"
2026-05-23,14:00:00,Sarawak,Bintulu,3.17,113.03,29.6,76,0.1,10.2,53,"Drizzle, not freezing, continuous 	moderate at time of observation"
2026-05-23,14:00:00,Putrajaya,Putrajaya,2.93,101.69,31.2,62,0.1,5.9,53,"Drizzle, not freezing, continuous 	moderate at time of observation"
2026-05-23,14:00:00,Perak,Teluk Intan,4.0259,101.0213,33.0,59,0.0,3.9,3,Clouds generally forming or developing
2026-05-23,14:00:00,Negeri Sembilan,Seremban,2.7297,101.9381,26.7,89,1.1,11.1,55,"Drizzle, not freezing, continuous heavy (dense) at time of observation"
2026-05-23,14:00:00,Johor,Johor Bahru,1.4556,103.7611,25.2,97,0.2,12.7,81,"Rain shower(s), moderate or heavy"
2026-05-23,14:00:00,Labuan,Labuan,5.2803,115.2475,30.8,65,0.0,14.8,2,State of sky on the whole unchanged
2026-05-23,14:00:00,Terengganu,Kuala Terengganu,5.3303,103.1408,29.7,75,0.4,7.2,51,"Drizzle, not freezing, continuous 	slight at time of observation"
2026-05-23,14:00:00,Pahang,Raub,3.7931,101.8569,31.5,55,0.2,8.7,53,"Drizzle, not freezing, continuous 	moderate at time of observation"
2026-05-23,14:00:00,Johor,Muar,2.05,102.56,27.7,84,0.7,14.4,55,"Drizzle, not freezing, continuous heavy (dense) at time of observation"
2026-05-23,14:00:00,Kedah,Sungai Petani,5.65,100.48,33.5,54,0.0,7.0,2,State of sky on the whole unchanged
2026-05-23,14:00:00,Perak,Taiping,4.85,100.7333,33.3,57,0.0,7.4,3,Clouds generally forming or developing
2026-05-23,14:00:00,Sarawak,Kuching,1.5397,110.3542,30.7,65,0.0,3.8,2,State of sky on the whole unchanged
2026-05-23,14:00:00,Sarawak,Sibu,2.3,111.8167,28.4,85,0.3,5.4,51,"Drizzle, not freezing, continuous 	slight at time of observation"
2026-05-23,14:00:00,Perak,Ipoh,4.6,101.07,36.4,37,0.0,4.4,3,Clouds generally forming or developing
2026-05-23,14:00:00,Selangor,Shah Alam,3.0833,101.5333,34.2,50,0.1,2.2,51,"Drizzle, not freezing, continuous 	slight at time of observation"
2026-05-23,14:00:00,Sarawak,Miri,4.4028,113.9933,30.2,72,0.0,13.4,3,Clouds generally forming or developing
2026-05-23,14:00:00,Selangor,Petaling Jaya,3.1073,101.6067,34.2,47,0.1,2.2,51,"Drizzle, not freezing, continuous 	slight at time of observation"
2026-05-23,14:00:00,Kuala Lumpur,Kuala Lumpur,3.1478,101.6953,34.7,46,0.1,5.0,51,"Drizzle, not freezing, continuous 	slight at time of observation"
2026-05-23,14:00:00,Selangor,Klang,3.0333,101.45,34.7,47,0.1,2.7,51,"Drizzle, not freezing, continuous 	slight at time of observation"
2026-05-23,14:00:00,Pahang,Kuantan,3.8167,103.3333,30.1,74,0.1,5.6,51,"Drizzle, not freezing, continuous 	slight at time of observation"
2026-05-23,14:00:00,Sabah,Lahad Datu,5.03,118.34,32.5,60,0.0,5.6,2,State of sky on the whole unchanged
2026-05-23,14:00:00,Pulau Pinang,George Town,5.4145,100.3292,32.6,61,0.0,10.5,2,State of sky on the whole unchanged
2026-05-23,14:00:00,Pulau Pinang,Butterworth,5.3992,100.3639,33.1,55,0.0,8.3,2,State of sky on the whole unchanged
2026-05-23,14:00:00,Terengganu,Cukai,4.2332,103.4479,30.5,73,0.0,8.4,51,"Drizzle, not freezing, continuous 	slight at time of observation"
2026-05-23,14:00:00,Perlis,Kangar,6.4333,100.2,33.0,57,0.0,10.8,3,Clouds generally forming or developing
2026-05-23,14:00:00,Kedah,Alor Setar,6.1167,100.3667,33.0,59,0.0,8.2,2,State of sky on the whole unchanged
2026-05-23,13:00:00,Kedah,Sungai Petani,5.65,100.48,33.5,53,0.0,4.0,3,Clouds generally forming or developing
2026-05-23,13:00:00,Sarawak,Miri,4.4028,113.9933,30.4,71,0.0,12.5,3,Clouds generally forming or developing
2026-05-23,13:00:00,Johor,Batu Pahat,1.85,102.93,30.1,69,0.0,7.6,3,Clouds generally forming or developing
2026-05-23,13:00:00,Perak,Taiping,4.85,100.7333,33.0,58,0.0,7.7,3,Clouds generally forming or developing
2026-05-23,13:00:00,Kedah,Alor Setar,6.1167,100.3667,32.7,59,0.0,7.3,3,Clouds generally forming or developing
2026-05-23,13:00:00,Sarawak,Kuching,1.5397,110.3542,30.1,68,0.0,6.1,3,Clouds generally forming or developing
2026-05-23,13:00:00,Terengganu,Cukai,4.2332,103.4479,30.8,73,0.0,3.8,95,"Thunderstorm, slight or moderate, without hail** but with rain and/or snow at time of observation - Thunderstorm at time of observation"
2026-05-23,13:00:00,Sabah,Kota Kinabalu,5.975,116.0725,29.9,74,0.0,7.2,51,"Drizzle, not freezing, continuous 	slight at time of observation"
2026-05-23,13:00:00,Sarawak,Sibu,2.3,111.8167,28.2,85,0.4,3.8,51,"Drizzle, not freezing, continuous 	slight at time of observation"
2026-05-23,13:00:00,Selangor,Klang,3.0333,101.45,34.2,48,0.0,2.3,3,Clouds generally forming or developing
2026-05-23,13:00:00,Kuala Lumpur,Kuala Lumpur,3.1478,101.6953,34.2,47,0.0,1.7,3,Clouds generally forming or developing
2026-05-23,13:00:00,Kelantan,Kota Bharu,6.1333,102.25,31.7,65,0.1,7.8,51,"Drizzle, not freezing, continuous 	slight at time of observation"
2026-05-23,13:00:00,Negeri Sembilan,Seremban,2.7297,101.9381,31.5,61,0.1,5.0,51,"Drizzle, not freezing, continuous 	slight at time of observation"
2026-05-23,13:00:00,Sabah,Tawau,4.2448,117.8911,33.2,58,0.0,2.6,2,State of sky on the whole unchanged
2026-05-23,13:00:00,Sabah,Lahad Datu,5.03,118.34,32.2,63,0.0,4.6,2,State of sky on the whole unchanged
2026-05-23,13:00:00,Johor,Muar,2.05,102.56,31.8,63,0.0,10.0,51,"Drizzle, not freezing, continuous 	slight at time of observation"
2026-05-23,13:00:00,Pulau Pinang,Butterworth,5.3992,100.3639,32.8,58,0.0,7.6,3,Clouds generally forming or developing
2026-05-23,13:00:00,Sarawak,Bintulu,3.17,113.03,30.6,70,0.1,8.7,51,"Drizzle, not freezing, continuous 	slight at time of observation"
2026-05-23,13:00:00,Pahang,Raub,3.7931,101.8569,32.2,53,0.2,8.4,51,"Drizzle, not freezing, continuous 	slight at time of observation"
2026-05-23,13:00:00,Sabah,Sandakan,5.8388,118.1173,29.9,73,0.0,11.3,53,"Drizzle, not freezing, continuous 	moderate at time of observation"
2026-05-23,13:00:00,Johor,Kluang,2.0336,103.3194,26.7,93,1.5,7.4,80,"Rain shower(s), slight"
2026-05-23,13:00:00,Terengganu,Kuala Terengganu,5.3303,103.1408,29.1,78,0.1,2.5,81,"Rain shower(s), moderate or heavy"
2026-05-23,13:00:00,Pahang,Kuantan,3.8167,103.3333,30.0,78,0.0,1.6,95,"Thunderstorm, slight or moderate, without hail** but with rain and/or snow at time of observation - Thunderstorm at time of observation"
2026-05-23,13:00:00,Perak,Ipoh,4.6,101.07,36.2,38,0.0,4.1,3,Clouds generally forming or developing
2026-05-23,13:00:00,Johor,Johor Bahru,1.4556,103.7611,32.5,63,0.0,3.8,51,"Drizzle, not freezing, continuous 	slight at time of observation"
2026-05-23,13:00:00,Labuan,Labuan,5.2803,115.2475,31.0,63,0.0,13.4,3,Clouds generally forming or developing
2026-05-23,13:00:00,Perlis,Kangar,6.4333,100.2,32.8,58,0.0,8.5,3,Clouds generally forming or developing
2026-05-23,13:00:00,Pulau Pinang,George Town,5.4145,100.3292,32.8,59,0.0,8.9,3,Clouds generally forming or developing
2026-05-23,13:00:00,Perak,Teluk Intan,4.0259,101.0213,32.2,63,0.0,4.3,3,Clouds generally forming or developing
2026-05-23,13:00:00,Putrajaya,Putrajaya,2.93,101.69,33.2,55,0.0,3.4,3,Clouds generally forming or developing
2026-05-23,13:00:00,Selangor,Petaling Jaya,3.1073,101.6067,33.9,48,0.0,2.0,3,Clouds generally forming or developing
2026-05-23,13:00:00,Selangor,Shah Alam,3.0833,101.5333,33.7,50,0.0,3.4,3,Clouds generally forming or developing
2026-05-23,12:00:00,Pulau Pinang,George Town,5.4145,100.3292,32.4,60,0.0,6.9,3,Clouds generally forming or developing
2026-05-23,12:00:00,Kedah,Alor Setar,6.1167,100.3667,32.3,61,0.0,5.1,3,Clouds generally forming or developing
2026-05-23,12:00:00,Sarawak,Kuching,1.5397,110.3542,29.4,72,0.0,6.6,3,Clouds generally forming or developing
2026-05-23,12:00:00,Pahang,Raub,3.7931,101.8569,32.8,51,0.0,5.7,3,Clouds generally forming or developing
2026-05-23,12:00:00,Sarawak,Sibu,2.3,111.8167,28.0,86,0.3,3.4,51,"Drizzle, not freezing, continuous 	slight at time of observation"
2026-05-23,12:00:00,Selangor,Shah Alam,3.0833,101.5333,33.5,51,0.0,1.7,3,Clouds generally forming or developing
2026-05-23,12:00:00,Terengganu,Kuala Terengganu,5.3303,103.1408,30.6,71,0.0,9.6,53,"Drizzle, not freezing, continuous 	moderate at time of observation"
2026-05-23,12:00:00,Putrajaya,Putrajaya,2.93,101.69,32.7,56,0.0,1.8,3,Clouds generally forming or developing
2026-05-23,12:00:00,Sabah,Lahad Datu,5.03,118.34,31.8,63,0.0,4.8,3,Clouds generally forming or developing
2026-05-23,12:00:00,Johor,Muar,2.05,102.56,31.4,66,0.1,9.2,51,"Drizzle, not freezing, continuous 	slight at time of observation"
2026-05-23,12:00:00,Perlis,Kangar,6.4333,100.2,32.3,59,0.0,6.1,3,Clouds generally forming or developing
2026-05-23,12:00:00,Sarawak,Miri,4.4028,113.9933,30.4,71,0.0,11.0,3,Clouds generally forming or developing
2026-05-23,12:00:00,Sarawak,Bintulu,3.17,113.03,30.6,69,0.0,5.7,51,"Drizzle, not freezing, continuous 	slight at time of observation"
2026-05-23,12:00:00,Perak,Teluk Intan,4.0259,101.0213,31.9,65,0.1,3.7,51,"Drizzle, not freezing, continuous 	slight at time of observation"
2026-05-23,12:00:00,Sabah,Sandakan,5.8388,118.1173,33.8,54,0.2,3.8,51,"Drizzle, not freezing, continuous 	slight at time of observation"
2026-05-23,12:00:00,Pahang,Kuantan,3.8167,103.3333,29.0,82,0.0,1.7,3,Clouds generally forming or developing
2026-05-23,12:00:00,Perak,Taiping,4.85,100.7333,32.6,58,0.0,6.4,3,Clouds generally forming or developing
2026-05-23,12:00:00,Johor,Johor Bahru,1.4556,103.7611,32.2,66,0.0,2.6,95,"Thunderstorm, slight or moderate, without hail** but with rain and/or snow at time of observation - Thunderstorm at time of observation"
2026-05-23,12:00:00,Johor,Batu Pahat,1.85,102.93,32.0,65,0.0,3.8,3,Clouds generally forming or developing
2026-05-23,12:00:00,Pulau Pinang,Butterworth,5.3992,100.3639,32.2,61,0.0,6.5,3,Clouds generally forming or developing
2026-05-23,12:00:00,Kedah,Sungai Petani,5.65,100.48,32.9,55,0.0,2.7,3,Clouds generally forming or developing
2026-05-23,12:00:00,Perak,Ipoh,4.6,101.07,35.2,42,0.0,2.4,3,Clouds generally forming or developing
2026-05-23,12:00:00,Selangor,Petaling Jaya,3.1073,101.6067,33.7,49,0.0,2.2,3,Clouds generally forming or developing
2026-05-23,12:00:00,Selangor,Klang,3.0333,101.45,33.9,50,0.0,0.9,3,Clouds generally forming or developing
2026-05-23,12:00:00,Kuala Lumpur,Kuala Lumpur,3.1478,101.6953,33.8,49,0.0,2.3,3,Clouds generally forming or developing
2026-05-23,12:00:00,Terengganu,Cukai,4.2332,103.4479,30.4,73,0.0,5.8,51,"Drizzle, not freezing, continuous 	slight at time of observation"
2026-05-23,12:00:00,Kelantan,Kota Bharu,6.1333,102.25,32.2,62,0.1,10.7,51,"Drizzle, not freezing, continuous 	slight at time of observation"
2026-05-23,12:00:00,Labuan,Labuan,5.2803,115.2475,31.1,63,0.0,11.7,2,State of sky on the whole unchanged
2026-05-23,12:00:00,Sabah,Kota Kinabalu,5.975,116.0725,29.7,74,0.1,7.0,51,"Drizzle, not freezing, continuous 	slight at time of observation"
2026-05-23,12:00:00,Sabah,Tawau,4.2448,117.8911,32.7,58,0.0,3.4,3,Clouds generally forming or developing
2026-05-23,12:00:00,Johor,Kluang,2.0336,103.3194,25.2,96,0.3,13.2,81,"Rain shower(s), moderate or heavy"
2026-05-23,12:00:00,Negeri Sembilan,Seremban,2.7297,101.9381,32.2,58,0.1,2.0,51,"Drizzle, not freezing, continuous 	slight at time of observation"
2026-05-23,11:00:00,Putrajaya,Putrajaya,2.93,101.69,32.0,61,0.0,1.7,3,Clouds generally forming or developing
2026-05-23,11:00:00,Johor,Johor Bahru,1.4556,103.7611,31.2,70,0.0,3.9,95,"Thunderstorm, slight or moderate, without hail** but with rain and/or snow at time of observation - Thunderstorm at time of observation"
2026-05-23,11:00:00,Johor,Kluang,2.0336,103.3194,31.1,70,0.0,2.6,95,"Thunderstorm, slight or moderate, without hail** but with rain and/or snow at time of observation - Thunderstorm at time of observation"
2026-05-23,11:00:00,Sarawak,Miri,4.4028,113.9933,29.9,73,0.0,11.7,3,Clouds generally forming or developing
2026-05-23,11:00:00,Pahang,Raub,3.7931,101.8569,31.7,55,0.0,4.6,51,"Drizzle, not freezing, continuous 	slight at time of observation"
2026-05-23,11:00:00,Sarawak,Sibu,2.3,111.8167,27.3,89,0.1,2.4,51,"Drizzle, not freezing, continuous 	slight at time of observation"
2026-05-23,11:00:00,Perlis,Kangar,6.4333,100.2,31.6,64,0.1,2.2,51,"Drizzle, not freezing, continuous 	slight at time of observation"
2026-05-23,11:00:00,Sarawak,Bintulu,3.17,113.03,30.0,74,0.1,6.1,51,"Drizzle, not freezing, continuous 	slight at time of observation"
2026-05-23,11:00:00,Labuan,Labuan,5.2803,115.2475,30.9,65,0.0,10.1,3,Clouds generally forming or developing
2026-05-23,11:00:00,Sabah,Lahad Datu,5.03,118.34,31.5,62,0.1,4.0,51,"Drizzle, not freezing, continuous 	slight at time of observation"
2026-05-23,11:00:00,Kedah,Alor Setar,6.1167,100.3667,31.5,66,0.0,3.5,3,Clouds generally forming or developing
2026-05-23,11:00:00,Sabah,Sandakan,5.8388,118.1173,33.2,56,0.2,4.4,51,"Drizzle, not freezing, continuous 	slight at time of observation"
2026-05-23,11:00:00,Negeri Sembilan,Seremban,2.7297,101.9381,31.4,62,0.0,2.3,51,"Drizzle, not freezing, continuous 	slight at time of observation"
2026-05-23,11:00:00,Sabah,Kota Kinabalu,5.975,116.0725,29.4,75,0.0,9.9,51,"Drizzle, not freezing, continuous 	slight at time of observation"
2026-05-23,11:00:00,Terengganu,Cukai,4.2332,103.4479,30.0,74,0.0,8.3,3,Clouds generally forming or developing
2026-05-23,11:00:00,Kelantan,Kota Bharu,6.1333,102.25,32.8,57,0.0,6.6,51,"Drizzle, not freezing, continuous 	slight at time of observation"
2026-05-23,11:00:00,Pahang,Kuantan,3.8167,103.3333,27.4,90,0.4,3.6,51,"Drizzle, not freezing, continuous 	slight at time of observation"
2026-05-23,11:00:00,Sabah,Tawau,4.2448,117.8911,32.0,61,0.0,6.9,3,Clouds generally forming or developing
2026-05-23,11:00:00,Terengganu,Kuala Terengganu,5.3303,103.1408,32.0,64,0.0,5.4,3,Clouds generally forming or developing
2026-05-23,11:00:00,Johor,Batu Pahat,1.85,102.93,31.5,68,0.0,4.1,2,State of sky on the whole unchanged
2026-05-23,11:00:00,Perak,Taiping,4.85,100.7333,32.1,60,0.0,4.5,2,State of sky on the whole unchanged
2026-05-23,11:00:00,Selangor,Petaling Jaya,3.1073,101.6067,32.9,53,0.0,0.6,3,Clouds generally forming or developing
2026-05-23,11:00:00,Pulau Pinang,George Town,5.4145,100.3292,31.8,63,0.0,5.1,3,Clouds generally forming or developing
2026-05-23,11:00:00,Pulau Pinang,Butterworth,5.3992,100.3639,31.7,65,0.0,5.4,3,Clouds generally forming or developing
2026-05-23,11:00:00,Perak,Ipoh,4.6,101.07,33.8,47,0.0,1.5,3,Clouds generally forming or developing
2026-05-23,11:00:00,Kuala Lumpur,Kuala Lumpur,3.1478,101.6953,33.2,52,0.0,0.8,3,Clouds generally forming or developing
2026-05-23,11:00:00,Kedah,Sungai Petani,5.65,100.48,32.0,60,0.0,1.8,3,Clouds generally forming or developing
2026-05-23,11:00:00,Sarawak,Kuching,1.5397,110.3542,28.0,78,0.0,6.6,3,Clouds generally forming or developing
2026-05-23,11:00:00,Selangor,Shah Alam,3.0833,101.5333,32.7,55,0.0,0.9,2,State of sky on the whole unchanged
2026-05-23,11:00:00,Johor,Muar,2.05,102.56,31.6,65,0.0,5.6,2,State of sky on the whole unchanged
2026-05-23,11:00:00,Selangor,Klang,3.0333,101.45,32.8,55,0.0,0.3,2,State of sky on the whole unchanged
2026-05-23,11:00:00,Perak,Teluk Intan,4.0259,101.0213,31.4,67,0.0,1.9,2,State of sky on the whole unchanged
2026-05-23,10:00:00,Pulau Pinang,George Town,5.4145,100.3292,30.7,70,0.0,2.7,0,Cloud development not observed or not observable
2026-05-23,10:00:00,Perak,Ipoh,4.6,101.07,32.1,52,0.0,2.0,2,State of sky on the whole unchanged
2026-05-23,10:00:00,Kuala Lumpur,Kuala Lumpur,3.1478,101.6953,31.8,61,0.0,1.3,2,State of sky on the whole unchanged
2026-05-23,10:00:00,Selangor,Klang,3.0333,101.45,31.8,63,0.0,1.9,2,State of sky on the whole unchanged
2026-05-23,10:00:00,Sabah,Lahad Datu,5.03,118.34,30.8,64,0.0,5.6,3,Clouds generally forming or developing
2026-05-23,10:00:00,Perlis,Kangar,6.4333,100.2,30.3,72,0.0,3.8,1,Clouds generally dissolving or becoming less developed
2026-05-23,10:00:00,Perak,Teluk Intan,4.0259,101.0213,30.1,70,0.0,0.8,1,Clouds generally dissolving or becoming less developed
2026-05-23,10:00:00,Johor,Muar,2.05,102.56,30.9,70,0.0,6.3,1,Clouds generally dissolving or becoming less developed
2026-05-23,10:00:00,Selangor,Shah Alam,3.0833,101.5333,31.6,63,0.0,1.4,2,State of sky on the whole unchanged
2026-05-23,10:00:00,Sarawak,Bintulu,3.17,113.03,29.2,81,0.0,7.3,3,Clouds generally forming or developing
2026-05-23,10:00:00,Sabah,Sandakan,5.8388,118.1173,32.2,60,0.0,8.4,3,Clouds generally forming or developing
2026-05-23,10:00:00,Perak,Taiping,4.85,100.7333,31.0,66,0.0,2.5,2,State of sky on the whole unchanged
2026-05-23,10:00:00,Kedah,Alor Setar,6.1167,100.3667,30.0,75,0.0,4.3,2,State of sky on the whole unchanged
2026-05-23,10:00:00,Sarawak,Sibu,2.3,111.8167,26.8,92,0.0,1.5,51,"Drizzle, not freezing, continuous 	slight at time of observation"
2026-05-23,10:00:00,Negeri Sembilan,Seremban,2.7297,101.9381,31.2,63,0.0,2.3,3,Clouds generally forming or developing
2026-05-23,10:00:00,Putrajaya,Putrajaya,2.93,101.69,30.8,68,0.0,2.0,2,State of sky on the whole unchanged
2026-05-23,10:00:00,Sabah,Tawau,4.2448,117.8911,30.8,65,0.0,8.4,3,Clouds generally forming or developing
2026-05-23,10:00:00,Sabah,Kota Kinabalu,5.975,116.0725,29.0,77,0.4,7.9,51,"Drizzle, not freezing, continuous 	slight at time of observation"
2026-05-23,10:00:00,Pahang,Raub,3.7931,101.8569,30.5,59,0.0,4.1,2,State of sky on the whole unchanged
2026-05-23,10:00:00,Kelantan,Kota Bharu,6.1333,102.25,32.2,60,0.0,0.9,51,"Drizzle, not freezing, continuous 	slight at time of observation"
2026-05-23,10:00:00,Labuan,Labuan,5.2803,115.2475,30.2,69,0.0,12.5,3,Clouds generally forming or developing
2026-05-23,10:00:00,Sarawak,Kuching,1.5397,110.3542,26.6,84,0.0,7.0,3,Clouds generally forming or developing
2026-05-23,10:00:00,Selangor,Petaling Jaya,3.1073,101.6067,31.6,62,0.0,1.7,2,State of sky on the whole unchanged
2026-05-23,10:00:00,Pulau Pinang,Butterworth,5.3992,100.3639,30.6,71,0.0,4.4,1,Clouds generally dissolving or becoming less developed
2026-05-23,10:00:00,Kedah,Sungai Petani,5.65,100.48,30.4,72,0.0,2.7,1,Clouds generally dissolving or becoming less developed
2026-05-23,10:00:00,Sarawak,Miri,4.4028,113.9933,29.5,74,0.0,11.0,3,Clouds generally forming or developing
2026-05-23,10:00:00,Terengganu,Kuala Terengganu,5.3303,103.1408,31.2,68,0.0,3.3,3,Clouds generally forming or developing
2026-05-23,10:00:00,Pahang,Kuantan,3.8167,103.3333,26.1,96,1.1,11.5,80,"Rain shower(s), slight"
2026-05-23,10:00:00,Johor,Kluang,2.0336,103.3194,30.0,75,0.0,3.3,95,"Thunderstorm, slight or moderate, without hail** but with rain and/or snow at time of observation - Thunderstorm at time of observation"
2026-05-23,10:00:00,Johor,Johor Bahru,1.4556,103.7611,30.3,75,0.0,4.4,95,"Thunderstorm, slight or moderate, without hail** but with rain and/or snow at time of observation - Thunderstorm at time of observation"
2026-05-23,10:00:00,Johor,Batu Pahat,1.85,102.93,30.2,76,0.0,5.6,95,"Thunderstorm, slight or moderate, without hail** but with rain and/or snow at time of observation - Thunderstorm at time of observation"
2026-05-23,10:00:00,Terengganu,Cukai,4.2332,103.4479,29.8,77,0.3,4.5,95,"Thunderstorm, slight or moderate, without hail** but with rain and/or snow at time of observation - Thunderstorm at time of observation"
2026-05-23,09:00:00,Perak,Ipoh,4.6,101.07,29.9,59,0.0,3.8,1,Clouds generally dissolving or becoming less developed
2026-05-23,09:00:00,Pulau Pinang,George Town,5.4145,100.3292,29.3,80,0.0,1.4,1,Clouds generally dissolving or becoming less developed
2026-05-23,09:00:00,Labuan,Labuan,5.2803,115.2475,29.6,73,0.0,12.1,3,Clouds generally forming or developing
2026-05-23,09:00:00,Sarawak,Miri,4.4028,113.9933,28.9,77,0.0,9.0,3,Clouds generally forming or developing
2026-05-23,09:00:00,Sabah,Sandakan,5.8388,118.1173,31.0,64,0.0,9.2,3,Clouds generally forming or developing
2026-05-23,09:00:00,Kedah,Alor Setar,6.1167,100.3667,27.8,88,0.0,4.0,3,Clouds generally forming or developing
2026-05-23,09:00:00,Pulau Pinang,Butterworth,5.3992,100.3639,29.5,76,0.0,3.1,1,Clouds generally dissolving or becoming less developed
2026-05-23,09:00:00,Sarawak,Bintulu,3.17,113.03,27.8,90,0.0,6.9,3,Clouds generally forming or developing
2026-05-23,09:00:00,Sarawak,Sibu,2.3,111.8167,26.2,94,0.0,2.5,51,"Drizzle, not freezing, continuous 	slight at time of observation"
2026-05-23,09:00:00,Pahang,Kuantan,3.8167,103.3333,27.3,92,0.3,2.3,95,"Thunderstorm, slight or moderate, without hail** but with rain and/or snow at time of observation - Thunderstorm at time of observation"
2026-05-23,09:00:00,Putrajaya,Putrajaya,2.93,101.69,29.0,78,0.0,2.3,2,State of sky on the whole unchanged
2026-05-23,09:00:00,Johor,Batu Pahat,1.85,102.93,28.4,86,0.0,4.6,95,"Thunderstorm, slight or moderate, without hail** but with rain and/or snow at time of observation - Thunderstorm at time of observation"
2026-05-23,09:00:00,Johor,Johor Bahru,1.4556,103.7611,28.5,88,0.0,2.5,95,"Thunderstorm, slight or moderate, without hail** but with rain and/or snow at time of observation - Thunderstorm at time of observation"
2026-05-23,09:00:00,Perlis,Kangar,6.4333,100.2,28.6,78,0.0,3.5,2,State of sky on the whole unchanged
2026-05-23,09:00:00,Sabah,Tawau,4.2448,117.8911,29.5,72,0.0,9.6,3,Clouds generally forming or developing
2026-05-23,09:00:00,Kelantan,Kota Bharu,6.1333,102.25,30.5,70,0.0,6.0,3,Clouds generally forming or developing
2026-05-23,09:00:00,Negeri Sembilan,Seremban,2.7297,101.9381,29.5,75,0.0,2.4,3,Clouds generally forming or developing
2026-05-23,09:00:00,Sabah,Kota Kinabalu,5.975,116.0725,28.2,78,0.0,10.1,51,"Drizzle, not freezing, continuous 	slight at time of observation"
2026-05-23,09:00:00,Pahang,Raub,3.7931,101.8569,28.8,67,0.0,1.1,2,State of sky on the whole unchanged
2026-05-23,09:00:00,Johor,Muar,2.05,102.56,29.1,80,0.0,5.8,95,"Thunderstorm, slight or moderate, without hail** but with rain and/or snow at time of observation - Thunderstorm at time of observation"
2026-05-23,09:00:00,Johor,Kluang,2.0336,103.3194,28.6,82,0.0,3.2,0,Cloud development not observed or not observable
2026-05-23,09:00:00,Selangor,Shah Alam,3.0833,101.5333,29.9,73,0.0,2.7,2,State of sky on the whole unchanged
2026-05-23,09:00:00,Perak,Taiping,4.85,100.7333,29.4,74,0.0,1.3,1,Clouds generally dissolving or becoming less developed
2026-05-23,09:00:00,Perak,Teluk Intan,4.0259,101.0213,28.7,77,0.0,1.8,1,Clouds generally dissolving or becoming less developed
2026-05-23,09:00:00,Terengganu,Cukai,4.2332,103.4479,29.0,81,0.1,4.0,51,"Drizzle, not freezing, continuous 	slight at time of observation"
2026-05-23,09:00:00,Selangor,Klang,3.0333,101.45,30.0,75,0.0,2.1,2,State of sky on the whole unchanged
2026-05-23,09:00:00,Selangor,Petaling Jaya,3.1073,101.6067,29.8,71,0.0,2.6,2,State of sky on the whole unchanged
2026-05-23,09:00:00,Sarawak,Kuching,1.5397,110.3542,25.5,89,0.0,7.8,3,Clouds generally forming or developing
2026-05-23,09:00:00,Sabah,Lahad Datu,5.03,118.34,30.0,67,0.0,7.5,3,Clouds generally forming or developing
2026-05-23,09:00:00,Terengganu,Kuala Terengganu,5.3303,103.1408,29.6,77,0.0,2.4,3,Clouds generally forming or developing
2026-05-23,09:00:00,Kuala Lumpur,Kuala Lumpur,3.1478,101.6953,29.7,73,0.0,1.8,2,State of sky on the whole unchanged
2026-05-23,09:00:00,Kedah,Sungai Petani,5.65,100.48,28.4,81,0.0,3.2,1,Clouds generally dissolving or becoming less developed
2026-05-23,08:00:00,Selangor,Shah Alam,3.0833,101.5333,28.0,83,0.0,4.7,2,State of sky on the whole unchanged
2026-05-23,08:00:00,Sabah,Tawau,4.2448,117.8911,28.3,79,0.0,8.8,3,Clouds generally forming or developing
2026-05-23,08:00:00,Sarawak,Kuching,1.5397,110.3542,24.8,93,0.0,8.5,3,Clouds generally forming or developing
2026-05-23,08:00:00,Kedah,Sungai Petani,5.65,100.48,25.9,89,0.0,5.6,1,Clouds generally dissolving or becoming less developed
2026-05-23,08:00:00,Perak,Ipoh,4.6,101.07,27.5,68,0.0,6.0,1,Clouds generally dissolving or becoming less developed
2026-05-23,08:00:00,Sabah,Lahad Datu,5.03,118.34,29.1,75,0.0,5.9,3,Clouds generally forming or developing
2026-05-23,08:00:00,Pahang,Raub,3.7931,101.8569,26.5,76,0.0,2.7,2,State of sky on the whole unchanged
2026-05-23,08:00:00,Johor,Kluang,2.0336,103.3194,26.5,93,0.0,3.3,3,Clouds generally forming or developing
2026-05-23,08:00:00,Sabah,Kota Kinabalu,5.975,116.0725,28.7,73,0.0,6.3,3,Clouds generally forming or developing
2026-05-23,08:00:00,Perak,Teluk Intan,4.0259,101.0213,27.5,83,0.0,2.2,1,Clouds generally dissolving or becoming less developed
2026-05-23,08:00:00,Pahang,Kuantan,3.8167,103.3333,26.2,96,0.2,1.5,51,"Drizzle, not freezing, continuous 	slight at time of observation"
2026-05-23,08:00:00,Sarawak,Sibu,2.3,111.8167,25.8,95,0.0,4.7,3,Clouds generally forming or developing
2026-05-23,08:00:00,Terengganu,Cukai,4.2332,103.4479,27.5,86,0.0,0.9,3,Clouds generally forming or developing
2026-05-23,08:00:00,Perak,Taiping,4.85,100.7333,26.0,85,0.0,1.8,1,Clouds generally dissolving or becoming less developed
2026-05-23,08:00:00,Johor,Muar,2.05,102.56,27.2,87,0.0,6.7,1,Clouds generally dissolving or becoming less developed
2026-05-23,08:00:00,Kelantan,Kota Bharu,6.1333,102.25,28.0,85,0.0,7.4,3,Clouds generally forming or developing
2026-05-23,08:00:00,Labuan,Labuan,5.2803,115.2475,28.9,78,0.0,13.2,3,Clouds generally forming or developing
2026-05-23,08:00:00,Perlis,Kangar,6.4333,100.2,26.5,87,0.0,3.4,2,State of sky on the whole unchanged
2026-05-23,08:00:00,Kuala Lumpur,Kuala Lumpur,3.1478,101.6953,27.2,86,0.0,3.5,2,State of sky on the whole unchanged
2026-05-23,08:00:00,Sabah,Sandakan,5.8388,118.1173,30.0,70,0.0,10.2,3,Clouds generally forming or developing
2026-05-23,08:00:00,Sarawak,Bintulu,3.17,113.03,26.4,95,0.0,7.2,3,Clouds generally forming or developing
2026-05-23,08:00:00,Johor,Batu Pahat,1.85,102.93,26.4,93,0.0,5.4,3,Clouds generally forming or developing
2026-05-23,08:00:00,Negeri Sembilan,Seremban,2.7297,101.9381,27.2,82,0.0,6.0,2,State of sky on the whole unchanged
2026-05-23,08:00:00,Selangor,Petaling Jaya,3.1073,101.6067,28.0,79,0.0,4.0,2,State of sky on the whole unchanged
2026-05-23,08:00:00,Putrajaya,Putrajaya,2.93,101.69,27.4,84,0.0,5.6,2,State of sky on the whole unchanged
2026-05-23,08:00:00,Sarawak,Miri,4.4028,113.9933,27.5,83,0.0,7.4,3,Clouds generally forming or developing
2026-05-23,08:00:00,Pulau Pinang,George Town,5.4145,100.3292,27.6,91,0.0,3.6,1,Clouds generally dissolving or becoming less developed
2026-05-23,08:00:00,Kedah,Alor Setar,6.1167,100.3667,25.4,95,0.0,6.2,2,State of sky on the whole unchanged
2026-05-23,08:00:00,Johor,Johor Bahru,1.4556,103.7611,25.7,98,0.0,3.3,3,Clouds generally forming or developing
2026-05-23,08:00:00,Terengganu,Kuala Terengganu,5.3303,103.1408,27.2,90,0.0,4.3,3,Clouds generally forming or developing
2026-05-23,08:00:00,Pulau Pinang,Butterworth,5.3992,100.3639,27.4,84,0.0,3.4,1,Clouds generally dissolving or becoming less developed
2026-05-23,08:00:00,Selangor,Klang,3.0333,101.45,27.6,87,0.0,4.9,2,State of sky on the whole unchanged
2026-05-23,07:00:00,Selangor,Petaling Jaya,3.1073,101.6067,26.3,85,0.0,2.7,3,Clouds generally forming or developing
2026-05-23,07:00:00,Labuan,Labuan,5.2803,115.2475,28.2,78,0.0,14.6,3,Clouds generally forming or developing
2026-05-23,07:00:00,Selangor,Shah Alam,3.0833,101.5333,26.9,86,0.0,4.3,2,State of sky on the whole unchanged
2026-05-23,07:00:00,Johor,Muar,2.05,102.56,26.5,88,0.0,8.8,1,Clouds generally dissolving or becoming less developed
2026-05-23,07:00:00,Johor,Johor Bahru,1.4556,103.7611,24.0,100,0.0,4.7,3,Clouds generally forming or developing
2026-05-23,07:00:00,Sarawak,Bintulu,3.17,113.03,25.3,98,0.1,5.3,51,"Drizzle, not freezing, continuous 	slight at time of observation"
2026-05-23,07:00:00,Kelantan,Kota Bharu,6.1333,102.25,26.5,92,0.0,6.4,2,State of sky on the whole unchanged
2026-05-23,07:00:00,Terengganu,Cukai,4.2332,103.4479,26.4,97,0.0,2.7,3,Clouds generally forming or developing
2026-05-23,07:00:00,Perak,Taiping,4.85,100.7333,25.6,78,0.0,2.7,1,Clouds generally dissolving or becoming less developed
2026-05-23,07:00:00,Putrajaya,Putrajaya,2.93,101.69,26.5,84,0.0,5.0,2,State of sky on the whole unchanged
2026-05-23,07:00:00,Perak,Ipoh,4.6,101.07,25.8,73,0.0,5.6,2,State of sky on the whole unchanged
2026-05-23,07:00:00,Pahang,Raub,3.7931,101.8569,24.0,81,0.0,2.2,3,Clouds generally forming or developing
2026-05-23,07:00:00,Pulau Pinang,Butterworth,5.3992,100.3639,26.1,89,0.0,4.0,1,Clouds generally dissolving or becoming less developed
2026-05-23,07:00:00,Johor,Batu Pahat,1.85,102.93,24.9,97,0.0,6.7,1,Clouds generally dissolving or becoming less developed
2026-05-23,07:00:00,Pahang,Kuantan,3.8167,103.3333,25.6,97,0.3,4.0,51,"Drizzle, not freezing, continuous 	slight at time of observation"
2026-05-23,07:00:00,Johor,Kluang,2.0336,103.3194,24.6,96,0.0,7.6,2,State of sky on the whole unchanged
2026-05-23,07:00:00,Pulau Pinang,George Town,5.4145,100.3292,26.9,94,0.0,2.3,95,"Thunderstorm, slight or moderate, without hail** but with rain and/or snow at time of observation - Thunderstorm at time of observation"
2026-05-23,07:00:00,Kuala Lumpur,Kuala Lumpur,3.1478,101.6953,25.6,89,0.0,1.9,3,Clouds generally forming or developing
2026-05-23,07:00:00,Negeri Sembilan,Seremban,2.7297,101.9381,26.2,86,0.0,6.4,1,Clouds generally dissolving or becoming less developed
2026-05-23,07:00:00,Perak,Teluk Intan,4.0259,101.0213,26.0,91,0.0,3.4,0,Cloud development not observed or not observable
2026-05-23,07:00:00,Kedah,Sungai Petani,5.65,100.48,24.6,96,0.0,5.1,1,Clouds generally dissolving or becoming less developed
2026-05-23,07:00:00,Selangor,Klang,3.0333,101.45,26.4,90,0.0,4.2,3,Clouds generally forming or developing
2026-05-23,07:00:00,Sabah,Sandakan,5.8388,118.1173,27.2,82,0.0,9.3,3,Clouds generally forming or developing
2026-05-23,07:00:00,Perlis,Kangar,6.4333,100.2,25.1,92,0.0,3.6,3,Clouds generally forming or developing
2026-05-23,07:00:00,Sabah,Kota Kinabalu,5.975,116.0725,27.1,77,0.0,5.1,3,Clouds generally forming or developing
2026-05-23,07:00:00,Sabah,Lahad Datu,5.03,118.34,27.0,87,0.0,4.5,3,Clouds generally forming or developing
2026-05-23,07:00:00,Sarawak,Kuching,1.5397,110.3542,23.8,97,0.0,7.8,3,Clouds generally forming or developing
2026-05-23,07:00:00,Sarawak,Miri,4.4028,113.9933,25.4,88,0.0,7.4,3,Clouds generally forming or developing
2026-05-23,07:00:00,Sarawak,Sibu,2.3,111.8167,24.5,97,0.0,5.0,3,Clouds generally forming or developing
2026-05-23,07:00:00,Sabah,Tawau,4.2448,117.8911,26.5,84,0.0,11.7,3,Clouds generally forming or developing
2026-05-23,07:00:00,Terengganu,Kuala Terengganu,5.3303,103.1408,25.2,99,0.0,5.1,3,Clouds generally forming or developing
2026-05-23,07:00:00,Kedah,Alor Setar,6.1167,100.3667,24.2,99,0.0,4.8,3,Clouds generally forming or developing
2026-05-23,06:00:00,Terengganu,Kuala Terengganu,5.3303,103.1408,25.3,98,0.0,4.1,3,Clouds generally forming or developing
2026-05-23,06:00:00,Kedah,Sungai Petani,5.65,100.48,24.9,96,0.0,5.4,1,Clouds generally dissolving or becoming less developed
2026-05-23,06:00:00,Putrajaya,Putrajaya,2.93,101.69,26.6,87,0.0,5.2,2,State of sky on the whole unchanged
2026-05-23,06:00:00,Johor,Johor Bahru,1.4556,103.7611,24.1,99,0.0,3.8,3,Clouds generally forming or developing
2026-05-23,06:00:00,Perlis,Kangar,6.4333,100.2,25.2,91,0.0,3.6,2,State of sky on the whole unchanged
2026-05-23,06:00:00,Sabah,Sandakan,5.8388,118.1173,26.2,87,0.0,9.0,3,Clouds generally forming or developing
2026-05-23,06:00:00,Negeri Sembilan,Seremban,2.7297,101.9381,26.5,86,0.0,6.0,3,Clouds generally forming or developing
2026-05-23,06:00:00,Sarawak,Miri,4.4028,113.9933,24.8,90,0.0,7.4,3,Clouds generally forming or developing
2026-05-23,06:00:00,Kuala Lumpur,Kuala Lumpur,3.1478,101.6953,25.8,88,0.0,2.7,3,Clouds generally forming or developing
2026-05-23,06:00:00,Sabah,Tawau,4.2448,117.8911,25.6,88,0.0,10.0,3,Clouds generally forming or developing
2026-05-23,06:00:00,Perak,Taiping,4.85,100.7333,25.9,76,0.0,4.6,1,Clouds generally dissolving or becoming less developed
2026-05-23,06:00:00,Sarawak,Bintulu,3.17,113.03,25.1,98,0.1,6.6,51,"Drizzle, not freezing, continuous 	slight at time of observation"
2026-05-23,06:00:00,Perak,Ipoh,4.6,101.07,26.4,72,0.0,5.1,3,Clouds generally forming or developing
2026-05-23,06:00:00,Johor,Kluang,2.0336,103.3194,24.9,96,0.0,2.6,3,Clouds generally forming or developing
2026-05-23,06:00:00,Kedah,Alor Setar,6.1167,100.3667,24.6,98,0.0,4.6,3,Clouds generally forming or developing
2026-05-23,06:00:00,Johor,Muar,2.05,102.56,26.6,88,0.0,8.7,1,Clouds generally dissolving or becoming less developed
2026-05-23,06:00:00,Pulau Pinang,George Town,5.4145,100.3292,27.2,90,0.0,1.1,2,State of sky on the whole unchanged
2026-05-23,06:00:00,Pulau Pinang,Butterworth,5.3992,100.3639,26.4,89,0.0,4.2,2,State of sky on the whole unchanged
2026-05-23,06:00:00,Pahang,Kuantan,3.8167,103.3333,25.8,95,1.2,2.0,55,"Drizzle, not freezing, continuous heavy (dense) at time of observation"
2026-05-23,06:00:00,Selangor,Klang,3.0333,101.45,26.5,90,0.0,5.0,2,State of sky on the whole unchanged
2026-05-23,06:00:00,Sarawak,Kuching,1.5397,110.3542,23.8,97,0.0,6.6,3,Clouds generally forming or developing
2026-05-23,06:00:00,Sabah,Lahad Datu,5.03,118.34,25.4,91,0.0,4.5,3,Clouds generally forming or developing
2026-05-23,06:00:00,Perak,Teluk Intan,4.0259,101.0213,26.2,91,0.0,3.9,1,Clouds generally dissolving or becoming less developed
2026-05-23,06:00:00,Sabah,Kota Kinabalu,5.975,116.0725,25.8,80,0.0,5.1,3,Clouds generally forming or developing
2026-05-23,06:00:00,Johor,Batu Pahat,1.85,102.93,25.0,96,0.0,5.6,1,Clouds generally dissolving or becoming less developed
2026-05-23,06:00:00,Pahang,Raub,3.7931,101.8569,24.3,80,0.0,2.0,3,Clouds generally forming or developing
2026-05-23,06:00:00,Sarawak,Sibu,2.3,111.8167,24.2,98,0.0,4.5,3,Clouds generally forming or developing
2026-05-23,06:00:00,Terengganu,Cukai,4.2332,103.4479,26.5,96,0.0,1.3,3,Clouds generally forming or developing
2026-05-23,06:00:00,Labuan,Labuan,5.2803,115.2475,27.9,77,0.0,14.8,3,Clouds generally forming or developing
2026-05-23,06:00:00,Kelantan,Kota Bharu,6.1333,102.25,26.6,91,0.0,7.2,3,Clouds generally forming or developing
2026-05-23,06:00:00,Selangor,Shah Alam,3.0833,101.5333,27.1,86,0.0,4.5,3,Clouds generally forming or developing
2026-05-23,06:00:00,Selangor,Petaling Jaya,3.1073,101.6067,26.5,85,0.0,3.2,3,Clouds generally forming or developing
2026-05-23,05:00:00,Pahang,Raub,3.7931,101.8569,24.8,77,0.0,1.8,2,State of sky on the whole unchanged
2026-05-23,05:00:00,Selangor,Petaling Jaya,3.1073,101.6067,26.8,86,0.0,3.6,2,State of sky on the whole unchanged
2026-05-23,05:00:00,Kedah,Alor Setar,6.1167,100.3667,25.0,96,0.0,3.9,3,Clouds generally forming or developing
2026-05-23,05:00:00,Sarawak,Sibu,2.3,111.8167,24.2,98,0.0,3.2,3,Clouds generally forming or developing
2026-05-23,05:00:00,Sabah,Tawau,4.2448,117.8911,25.6,88,0.0,7.5,3,Clouds generally forming or developing
2026-05-23,05:00:00,Selangor,Shah Alam,3.0833,101.5333,27.2,86,0.0,4.1,1,Clouds generally dissolving or becoming less developed
2026-05-23,05:00:00,Kelantan,Kota Bharu,6.1333,102.25,26.9,88,0.0,6.2,3,Clouds generally forming or developing
2026-05-23,05:00:00,Perak,Teluk Intan,4.0259,101.0213,26.5,91,0.0,3.8,3,Clouds generally forming or developing
2026-05-23,05:00:00,Johor,Johor Bahru,1.4556,103.7611,24.1,100,0.0,2.5,3,Clouds generally forming or developing
2026-05-23,05:00:00,Sarawak,Bintulu,3.17,113.03,25.1,98,0.4,8.1,51,"Drizzle, not freezing, continuous 	slight at time of observation"
2026-05-23,05:00:00,Pahang,Kuantan,3.8167,103.3333,25.4,96,1.6,5.0,80,"Rain shower(s), slight"
2026-05-23,05:00:00,Negeri Sembilan,Seremban,2.7297,101.9381,27.0,83,0.0,4.4,2,State of sky on the whole unchanged
2026-05-23,05:00:00,Johor,Batu Pahat,1.85,102.93,25.2,94,0.0,5.2,1,Clouds generally dissolving or becoming less developed
2026-05-23,05:00:00,Kedah,Sungai Petani,5.65,100.48,25.4,95,0.0,3.2,2,State of sky on the whole unchanged
2026-05-23,05:00:00,Johor,Muar,2.05,102.56,26.8,86,0.0,7.6,2,State of sky on the whole unchanged
2026-05-23,05:00:00,Sabah,Sandakan,5.8388,118.1173,26.4,87,0.0,10.2,3,Clouds generally forming or developing
2026-05-23,05:00:00,Terengganu,Kuala Terengganu,5.3303,103.1408,25.6,97,0.0,3.0,2,State of sky on the whole unchanged
2026-05-23,05:00:00,Perak,Taiping,4.85,100.7333,26.2,74,0.0,5.0,2,State of sky on the whole unchanged
2026-05-23,05:00:00,Putrajaya,Putrajaya,2.93,101.69,26.8,89,0.0,5.1,2,State of sky on the whole unchanged
2026-05-23,05:00:00,Perlis,Kangar,6.4333,100.2,25.6,90,0.0,3.4,3,Clouds generally forming or developing
2026-05-23,05:00:00,Pulau Pinang,George Town,5.4145,100.3292,27.2,91,0.0,1.8,1,Clouds generally dissolving or becoming less developed
2026-05-23,05:00:00,Sabah,Lahad Datu,5.03,118.34,25.3,92,0.0,3.8,3,Clouds generally forming or developing
2026-05-23,05:00:00,Sarawak,Kuching,1.5397,110.3542,23.8,97,0.0,6.4,3,Clouds generally forming or developing
2026-05-23,05:00:00,Perak,Ipoh,4.6,101.07,26.8,72,0.0,5.6,3,Clouds generally forming or developing
2026-05-23,05:00:00,Sarawak,Miri,4.4028,113.9933,25.0,91,0.0,9.7,3,Clouds generally forming or developing
2026-05-23,05:00:00,Johor,Kluang,2.0336,103.3194,24.9,96,0.0,2.3,1,Clouds generally dissolving or becoming less developed
2026-05-23,05:00:00,Labuan,Labuan,5.2803,115.2475,28.0,78,0.0,13.9,3,Clouds generally forming or developing
2026-05-23,05:00:00,Terengganu,Cukai,4.2332,103.4479,26.5,97,0.3,1.8,51,"Drizzle, not freezing, continuous 	slight at time of observation"
2026-05-23,05:00:00,Selangor,Klang,3.0333,101.45,26.6,88,0.0,5.1,1,Clouds generally dissolving or becoming less developed
2026-05-23,05:00:00,Sabah,Kota Kinabalu,5.975,116.0725,25.6,81,0.0,6.0,3,Clouds generally forming or developing
2026-05-23,05:00:00,Pulau Pinang,Butterworth,5.3992,100.3639,26.7,87,0.0,3.5,2,State of sky on the whole unchanged
2026-05-23,05:00:00,Kuala Lumpur,Kuala Lumpur,3.1478,101.6953,26.0,88,0.0,3.5,3,Clouds generally forming or developing
2026-05-23,04:00:00,Johor,Kluang,2.0336,103.3194,24.9,96,0.0,2.2,1,Clouds generally dissolving or becoming less developed
2026-05-23,04:00:00,Selangor,Klang,3.0333,101.45,27.2,84,0.0,2.8,1,Clouds generally dissolving or becoming less developed
2026-05-23,04:00:00,Sabah,Lahad Datu,5.03,118.34,25.1,93,0.0,3.5,3,Clouds generally forming or developing
2026-05-23,04:00:00,Putrajaya,Putrajaya,2.93,101.69,26.7,91,0.0,4.0,1,Clouds generally dissolving or becoming less developed
2026-05-23,04:00:00,Johor,Batu Pahat,1.85,102.93,25.5,92,0.0,3.6,1,Clouds generally dissolving or becoming less developed
2026-05-23,04:00:00,Perak,Teluk Intan,4.0259,101.0213,26.8,89,0.0,3.6,1,Clouds generally dissolving or becoming less developed
2026-05-23,04:00:00,Terengganu,Cukai,4.2332,103.4479,26.1,99,0.5,3.7,53,"Drizzle, not freezing, continuous 	moderate at time of observation"
2026-05-23,04:00:00,Negeri Sembilan,Seremban,2.7297,101.9381,27.5,81,0.0,1.9,2,State of sky on the whole unchanged
2026-05-23,04:00:00,Labuan,Labuan,5.2803,115.2475,27.9,80,0.0,11.8,3,Clouds generally forming or developing
2026-05-23,04:00:00,Sarawak,Bintulu,3.17,113.03,25.3,97,0.1,7.7,51,"Drizzle, not freezing, continuous 	slight at time of observation"
2026-05-23,04:00:00,Pahang,Raub,3.7931,101.8569,25.1,77,0.0,0.5,1,Clouds generally dissolving or becoming less developed
2026-05-23,04:00:00,Sarawak,Kuching,1.5397,110.3542,24.0,98,0.0,6.8,3,Clouds generally forming or developing
2026-05-23,04:00:00,Kelantan,Kota Bharu,6.1333,102.25,27.1,85,0.0,4.9,2,State of sky on the whole unchanged
2026-05-23,04:00:00,Kedah,Alor Setar,6.1167,100.3667,25.2,96,0.0,4.3,3,Clouds generally forming or developing
2026-05-23,04:00:00,Johor,Johor Bahru,1.4556,103.7611,24.3,99,0.0,2.4,2,State of sky on the whole unchanged
2026-05-23,04:00:00,Johor,Muar,2.05,102.56,26.9,85,0.0,6.0,3,Clouds generally forming or developing
2026-05-23,04:00:00,Kedah,Sungai Petani,5.65,100.48,25.5,94,0.0,1.4,3,Clouds generally forming or developing
2026-05-23,04:00:00,Perak,Ipoh,4.6,101.07,26.9,73,0.0,6.3,2,State of sky on the whole unchanged
2026-05-23,04:00:00,Perak,Taiping,4.85,100.7333,26.5,73,0.0,4.1,3,Clouds generally forming or developing
2026-05-23,04:00:00,Perlis,Kangar,6.4333,100.2,25.7,90,0.0,4.0,3,Clouds generally forming or developing
2026-05-23,04:00:00,Kuala Lumpur,Kuala Lumpur,3.1478,101.6953,26.4,89,0.0,3.8,1,Clouds generally dissolving or becoming less developed
2026-05-23,04:00:00,Terengganu,Kuala Terengganu,5.3303,103.1408,25.8,96,0.0,2.9,3,Clouds generally forming or developing
2026-05-23,04:00:00,Selangor,Petaling Jaya,3.1073,101.6067,27.1,87,0.0,3.2,1,Clouds generally dissolving or becoming less developed
2026-05-23,04:00:00,Sabah,Tawau,4.2448,117.8911,25.7,90,0.0,10.3,2,State of sky on the whole unchanged
2026-05-23,04:00:00,Selangor,Shah Alam,3.0833,101.5333,27.7,82,0.0,2.8,1,Clouds generally dissolving or becoming less developed
2026-05-23,04:00:00,Pahang,Kuantan,3.8167,103.3333,25.5,95,0.1,8.1,81,"Rain shower(s), moderate or heavy"
2026-05-23,04:00:00,Sabah,Kota Kinabalu,5.975,116.0725,25.5,81,0.0,4.6,3,Clouds generally forming or developing
2026-05-23,04:00:00,Pulau Pinang,George Town,5.4145,100.3292,27.1,91,0.0,1.8,3,Clouds generally forming or developing
2026-05-23,04:00:00,Sabah,Sandakan,5.8388,118.1173,26.6,85,0.0,9.9,3,Clouds generally forming or developing
2026-05-23,04:00:00,Pulau Pinang,Butterworth,5.3992,100.3639,27.0,86,0.0,3.7,3,Clouds generally forming or developing
2026-05-23,04:00:00,Sarawak,Sibu,2.3,111.8167,24.2,98,0.0,3.3,3,Clouds generally forming or developing
2026-05-23,04:00:00,Sarawak,Miri,4.4028,113.9933,25.1,91,0.0,9.8,3,Clouds generally forming or developing
2026-05-23,03:00:00,Johor,Kluang,2.0336,103.3194,25.5,93,0.0,3.1,0,Cloud development not observed or not observable
2026-05-23,03:00:00,Perlis,Kangar,6.4333,100.2,25.9,89,0.0,4.3,3,Clouds generally forming or developing
2026-05-23,03:00:00,Terengganu,Kuala Terengganu,5.3303,103.1408,26.0,95,0.0,2.8,3,Clouds generally forming or developing
2026-05-23,03:00:00,Kuala Lumpur,Kuala Lumpur,3.1478,101.6953,26.6,91,0.0,4.6,1,Clouds generally dissolving or becoming less developed
2026-05-23,03:00:00,Selangor,Petaling Jaya,3.1073,101.6067,27.6,85,0.0,2.9,1,Clouds generally dissolving or becoming less developed
2026-05-23,03:00:00,Pulau Pinang,George Town,5.4145,100.3292,27.3,91,0.0,0.5,3,Clouds generally forming or developing
2026-05-23,03:00:00,Perak,Ipoh,4.6,101.07,27.2,72,0.0,3.8,2,State of sky on the whole unchanged
2026-05-23,03:00:00,Negeri Sembilan,Seremban,2.7297,101.9381,27.5,84,0.0,2.7,1,Clouds generally dissolving or becoming less developed
2026-05-23,03:00:00,Sarawak,Kuching,1.5397,110.3542,24.1,98,0.0,7.3,3,Clouds generally forming or developing
2026-05-23,03:00:00,Sarawak,Miri,4.4028,113.9933,25.2,91,0.0,11.3,3,Clouds generally forming or developing
2026-05-23,03:00:00,Selangor,Shah Alam,3.0833,101.5333,28.1,80,0.0,2.3,2,State of sky on the whole unchanged
2026-05-23,03:00:00,Labuan,Labuan,5.2803,115.2475,27.9,80,0.0,11.8,3,Clouds generally forming or developing
2026-05-23,03:00:00,Pahang,Kuantan,3.8167,103.3333,26.1,93,0.3,3.1,51,"Drizzle, not freezing, continuous 	slight at time of observation"
2026-05-23,03:00:00,Sarawak,Sibu,2.3,111.8167,24.4,98,0.0,6.8,3,Clouds generally forming or developing
2026-05-23,03:00:00,Putrajaya,Putrajaya,2.93,101.69,27.1,88,0.0,3.2,1,Clouds generally dissolving or becoming less developed
2026-05-23,03:00:00,Perak,Taiping,4.85,100.7333,26.5,75,0.0,4.2,3,Clouds generally forming or developing
2026-05-23,03:00:00,Pulau Pinang,Butterworth,5.3992,100.3639,27.1,87,0.0,3.8,3,Clouds generally forming or developing
2026-05-23,03:00:00,Perak,Teluk Intan,4.0259,101.0213,27.4,84,0.0,0.4,1,Clouds generally dissolving or becoming less developed
2026-05-23,03:00:00,Sabah,Kota Kinabalu,5.975,116.0725,25.5,82,0.0,4.8,3,Clouds generally forming or developing
2026-05-23,03:00:00,Sabah,Lahad Datu,5.03,118.34,25.2,94,0.0,3.2,3,Clouds generally forming or developing
2026-05-23,03:00:00,Selangor,Klang,3.0333,101.45,27.5,85,0.0,2.0,2,State of sky on the whole unchanged
2026-05-23,03:00:00,Pahang,Raub,3.7931,101.8569,25.5,76,0.0,0.5,2,State of sky on the whole unchanged
2026-05-23,03:00:00,Johor,Batu Pahat,1.85,102.93,26.0,88,0.0,3.9,2,State of sky on the whole unchanged
2026-05-23,03:00:00,Johor,Muar,2.05,102.56,27.0,83,0.0,7.5,2,State of sky on the whole unchanged
2026-05-23,03:00:00,Kedah,Alor Setar,6.1167,100.3667,25.4,96,0.0,4.7,3,Clouds generally forming or developing
2026-05-23,03:00:00,Sarawak,Bintulu,3.17,113.03,25.7,96,0.1,6.1,51,"Drizzle, not freezing, continuous 	slight at time of observation"
2026-05-23,03:00:00,Johor,Johor Bahru,1.4556,103.7611,24.6,97,0.0,2.5,1,Clouds generally dissolving or becoming less developed
2026-05-23,03:00:00,Kelantan,Kota Bharu,6.1333,102.25,27.2,85,0.0,6.3,2,State of sky on the whole unchanged
2026-05-23,03:00:00,Sabah,Sandakan,5.8388,118.1173,26.7,85,0.0,11.0,3,Clouds generally forming or developing
2026-05-23,03:00:00,Sabah,Tawau,4.2448,117.8911,25.7,92,0.0,9.3,2,State of sky on the whole unchanged
2026-05-23,03:00:00,Terengganu,Cukai,4.2332,103.4479,25.9,97,0.4,6.5,80,"Rain shower(s), slight"
2026-05-23,03:00:00,Kedah,Sungai Petani,5.65,100.48,25.7,93,0.0,1.5,3,Clouds generally forming or developing
2026-05-23,02:00:00,Labuan,Labuan,5.2803,115.2475,27.8,83,0.0,10.4,3,Clouds generally forming or developing
2026-05-23,02:00:00,Sabah,Lahad Datu,5.03,118.34,25.3,94,0.0,2.4,3,Clouds generally forming or developing
2026-05-23,02:00:00,Sarawak,Sibu,2.3,111.8167,24.8,98,0.0,6.7,3,Clouds generally forming or developing
2026-05-23,02:00:00,Negeri Sembilan,Seremban,2.7297,101.9381,28.0,84,0.0,2.2,2,State of sky on the whole unchanged
2026-05-23,02:00:00,Pahang,Kuantan,3.8167,103.3333,26.2,92,0.0,5.6,3,Clouds generally forming or developing
2026-05-23,02:00:00,Johor,Johor Bahru,1.4556,103.7611,25.2,96,0.0,2.5,3,Clouds generally forming or developing
2026-05-23,02:00:00,Johor,Muar,2.05,102.56,27.5,79,0.0,8.6,2,State of sky on the whole unchanged
2026-05-23,02:00:00,Sabah,Sandakan,5.8388,118.1173,27.0,87,0.0,10.9,3,Clouds generally forming or developing
2026-05-23,02:00:00,Kedah,Alor Setar,6.1167,100.3667,25.7,94,0.0,4.1,3,Clouds generally forming or developing
2026-05-23,02:00:00,Selangor,Klang,3.0333,101.45,27.7,84,0.0,3.8,2,State of sky on the whole unchanged
2026-05-23,02:00:00,Kelantan,Kota Bharu,6.1333,102.25,27.4,89,0.0,7.3,1,Clouds generally dissolving or becoming less developed
2026-05-23,02:00:00,Sarawak,Bintulu,3.17,113.03,25.9,95,0.0,5.8,3,Clouds generally forming or developing
2026-05-23,02:00:00,Pulau Pinang,Butterworth,5.3992,100.3639,27.5,85,0.0,3.1,3,Clouds generally forming or developing
2026-05-23,02:00:00,Pulau Pinang,George Town,5.4145,100.3292,27.5,92,0.0,0.6,3,Clouds generally forming or developing
2026-05-23,02:00:00,Johor,Kluang,2.0336,103.3194,26.0,90,0.0,3.5,3,Clouds generally forming or developing
2026-05-23,02:00:00,Sarawak,Kuching,1.5397,110.3542,24.3,98,0.0,7.3,3,Clouds generally forming or developing
2026-05-23,02:00:00,Putrajaya,Putrajaya,2.93,101.69,27.9,86,0.0,2.9,2,State of sky on the whole unchanged
2026-05-23,02:00:00,Perak,Teluk Intan,4.0259,101.0213,27.4,84,0.0,0.9,0,Cloud development not observed or not observable
2026-05-23,02:00:00,Selangor,Petaling Jaya,3.1073,101.6067,28.4,82,0.0,1.0,2,State of sky on the whole unchanged
2026-05-23,02:00:00,Perlis,Kangar,6.4333,100.2,26.2,86,0.0,4.6,2,State of sky on the whole unchanged
2026-05-23,02:00:00,Sabah,Kota Kinabalu,5.975,116.0725,25.6,83,0.0,5.4,3,Clouds generally forming or developing
2026-05-23,02:00:00,Sabah,Tawau,4.2448,117.8911,25.8,94,0.0,8.2,3,Clouds generally forming or developing
2026-05-23,02:00:00,Johor,Batu Pahat,1.85,102.93,26.4,85,0.0,4.6,51,"Drizzle, not freezing, continuous 	slight at time of observation"
2026-05-23,02:00:00,Terengganu,Cukai,4.2332,103.4479,26.6,92,0.0,4.2,3,Clouds generally forming or developing
2026-05-23,02:00:00,Kedah,Sungai Petani,5.65,100.48,25.7,94,0.0,1.2,3,Clouds generally forming or developing
2026-05-23,02:00:00,Perak,Ipoh,4.6,101.07,27.6,70,0.0,2.9,2,State of sky on the whole unchanged
2026-05-23,02:00:00,Kuala Lumpur,Kuala Lumpur,3.1478,101.6953,27.5,90,0.0,1.6,1,Clouds generally dissolving or becoming less developed
2026-05-23,02:00:00,Terengganu,Kuala Terengganu,5.3303,103.1408,26.3,94,0.0,2.2,3,Clouds generally forming or developing
2026-05-23,02:00:00,Perak,Taiping,4.85,100.7333,26.6,76,0.0,4.1,3,Clouds generally forming or developing
2026-05-23,02:00:00,Sarawak,Miri,4.4028,113.9933,25.5,91,0.0,12.1,3,Clouds generally forming or developing
2026-05-23,02:00:00,Selangor,Shah Alam,3.0833,101.5333,28.3,79,0.0,3.5,2,State of sky on the whole unchanged
2026-05-23,02:00:00,Pahang,Raub,3.7931,101.8569,26.0,75,0.0,1.5,2,State of sky on the whole unchanged
2026-05-23,01:00:00,Sarawak,Sibu,2.3,111.8167,25.0,99,0.0,5.9,3,Clouds generally forming or developing
2026-05-23,01:00:00,Terengganu,Kuala Terengganu,5.3303,103.1408,26.4,94,0.0,3.1,0,Cloud development not observed or not observable
2026-05-23,01:00:00,Sarawak,Miri,4.4028,113.9933,25.8,90,0.0,11.1,3,Clouds generally forming or developing
2026-05-23,01:00:00,Kedah,Sungai Petani,5.65,100.48,26.0,94,0.0,4.6,3,Clouds generally forming or developing
2026-05-23,01:00:00,Perak,Teluk Intan,4.0259,101.0213,27.5,85,0.0,1.9,1,Clouds generally dissolving or becoming less developed
2026-05-23,01:00:00,Perak,Ipoh,4.6,101.07,28.1,68,0.0,2.1,3,Clouds generally forming or developing
2026-05-23,01:00:00,Sabah,Lahad Datu,5.03,118.34,25.7,94,0.0,1.5,2,State of sky on the whole unchanged
2026-05-23,01:00:00,Sabah,Sandakan,5.8388,118.1173,27.2,88,0.0,9.7,3,Clouds generally forming or developing
2026-05-23,01:00:00,Sabah,Tawau,4.2448,117.8911,26.6,91,0.0,7.2,3,Clouds generally forming or developing
2026-05-23,01:00:00,Pahang,Raub,3.7931,101.8569,25.8,75,0.0,3.1,2,State of sky on the whole unchanged
2026-05-23,01:00:00,Negeri Sembilan,Seremban,2.7297,101.9381,27.3,88,0.0,2.1,3,Clouds generally forming or developing
2026-05-23,01:00:00,Selangor,Klang,3.0333,101.45,27.7,85,0.0,4.2,3,Clouds generally forming or developing
2026-05-23,01:00:00,Putrajaya,Putrajaya,2.93,101.69,27.8,86,0.0,2.5,3,Clouds generally forming or developing
2026-05-23,01:00:00,Kedah,Alor Setar,6.1167,100.3667,26.1,90,0.0,4.6,2,State of sky on the whole unchanged
2026-05-23,01:00:00,Pulau Pinang,Butterworth,5.3992,100.3639,27.9,84,0.0,2.6,3,Clouds generally forming or developing
2026-05-23,01:00:00,Pulau Pinang,George Town,5.4145,100.3292,28.1,88,0.0,1.1,3,Clouds generally forming or developing
2026-05-23,01:00:00,Sabah,Kota Kinabalu,5.975,116.0725,25.7,81,0.0,4.5,3,Clouds generally forming or developing
2026-05-23,01:00:00,Selangor,Petaling Jaya,3.1073,101.6067,28.2,84,0.0,1.6,3,Clouds generally forming or developing
2026-05-23,01:00:00,Selangor,Shah Alam,3.0833,101.5333,28.4,82,0.0,3.5,3,Clouds generally forming or developing
2026-05-23,01:00:00,Labuan,Labuan,5.2803,115.2475,27.8,83,0.0,10.7,3,Clouds generally forming or developing
2026-05-23,01:00:00,Sarawak,Bintulu,3.17,113.03,25.7,96,0.0,4.3,3,Clouds generally forming or developing
2026-05-23,01:00:00,Terengganu,Cukai,4.2332,103.4479,26.6,92,0.0,4.4,2,State of sky on the whole unchanged
2026-05-23,01:00:00,Perak,Taiping,4.85,100.7333,26.9,78,0.0,2.3,3,Clouds generally forming or developing
2026-05-23,01:00:00,Johor,Johor Bahru,1.4556,103.7611,26.0,93,0.0,2.8,2,State of sky on the whole unchanged
2026-05-23,01:00:00,Sarawak,Kuching,1.5397,110.3542,24.5,99,0.0,5.8,3,Clouds generally forming or developing
2026-05-23,01:00:00,Perlis,Kangar,6.4333,100.2,26.5,81,0.0,5.5,1,Clouds generally dissolving or becoming less developed
2026-05-23,01:00:00,Johor,Batu Pahat,1.85,102.93,26.2,86,0.0,6.8,51,"Drizzle, not freezing, continuous 	slight at time of observation"
2026-05-23,01:00:00,Johor,Kluang,2.0336,103.3194,26.3,90,0.0,3.8,3,Clouds generally forming or developing
2026-05-23,01:00:00,Johor,Muar,2.05,102.56,27.9,79,0.0,6.7,3,Clouds generally forming or developing
2026-05-23,01:00:00,Kelantan,Kota Bharu,6.1333,102.25,27.7,89,0.0,7.0,2,State of sky on the whole unchanged
2026-05-23,01:00:00,Pahang,Kuantan,3.8167,103.3333,26.5,91,0.0,5.3,2,State of sky on the whole unchanged
2026-05-23,01:00:00,Kuala Lumpur,Kuala Lumpur,3.1478,101.6953,27.1,90,0.0,1.1,2,State of sky on the whole unchanged
2026-05-23,00:00:00,Pulau Pinang,George Town,5.4145,100.3292,28.4,84,0.0,1.1,3,Clouds generally forming or developing
2026-05-23,00:00:00,Pahang,Raub,3.7931,101.8569,25.9,77,0.0,1.9,3,Clouds generally forming or developing
2026-05-23,00:00:00,Johor,Muar,2.05,102.56,28.1,81,0.0,3.4,3,Clouds generally forming or developing
2026-05-23,00:00:00,Sabah,Kota Kinabalu,5.975,116.0725,25.7,82,0.0,4.8,3,Clouds generally forming or developing
2026-05-23,00:00:00,Selangor,Petaling Jaya,3.1073,101.6067,28.5,82,0.0,2.4,3,Clouds generally forming or developing
2026-05-23,00:00:00,Sarawak,Kuching,1.5397,110.3542,24.5,98,0.0,5.4,3,Clouds generally forming or developing
2026-05-23,00:00:00,Selangor,Shah Alam,3.0833,101.5333,28.1,84,0.0,3.5,3,Clouds generally forming or developing
2026-05-23,00:00:00,Terengganu,Cukai,4.2332,103.4479,26.9,91,0.0,5.3,1,Clouds generally dissolving or becoming less developed
2026-05-23,00:00:00,Perak,Taiping,4.85,100.7333,26.8,80,0.0,2.3,3,Clouds generally forming or developing
2026-05-23,00:00:00,Johor,Johor Bahru,1.4556,103.7611,26.2,92,0.0,3.3,3,Clouds generally forming or developing
2026-05-23,00:00:00,Kelantan,Kota Bharu,6.1333,102.25,28.3,85,0.0,5.8,3,Clouds generally forming or developing
2026-05-23,00:00:00,Labuan,Labuan,5.2803,115.2475,27.6,86,0.0,8.5,3,Clouds generally forming or developing
2026-05-23,00:00:00,Pulau Pinang,Butterworth,5.3992,100.3639,27.7,85,0.0,3.2,3,Clouds generally forming or developing
2026-05-23,00:00:00,Kedah,Alor Setar,6.1167,100.3667,26.8,85,0.0,4.5,2,State of sky on the whole unchanged
2026-05-23,00:00:00,Putrajaya,Putrajaya,2.93,101.69,27.5,88,0.0,2.8,3,Clouds generally forming or developing
2026-05-23,00:00:00,Sarawak,Miri,4.4028,113.9933,25.9,91,0.0,10.0,3,Clouds generally forming or developing
2026-05-23,00:00:00,Sarawak,Bintulu,3.17,113.03,26.0,95,0.0,5.6,3,Clouds generally forming or developing
2026-05-23,00:00:00,Kedah,Sungai Petani,5.65,100.48,26.3,95,0.0,5.5,3,Clouds generally forming or developing
2026-05-23,00:00:00,Sabah,Lahad Datu,5.03,118.34,25.9,95,0.0,1.3,2,State of sky on the whole unchanged
2026-05-23,00:00:00,Sabah,Tawau,4.2448,117.8911,26.7,88,0.0,4.5,2,State of sky on the whole unchanged
2026-05-23,00:00:00,Johor,Batu Pahat,1.85,102.93,26.6,85,0.0,5.6,3,Clouds generally forming or developing
2026-05-23,00:00:00,Sabah,Sandakan,5.8388,118.1173,27.3,89,0.0,9.3,3,Clouds generally forming or developing
2026-05-23,00:00:00,Pahang,Kuantan,3.8167,103.3333,26.9,91,0.0,6.1,1,Clouds generally dissolving or becoming less developed
2026-05-23,00:00:00,Perak,Teluk Intan,4.0259,101.0213,27.5,85,0.0,2.3,3,Clouds generally forming or developing
2026-05-23,00:00:00,Perlis,Kangar,6.4333,100.2,27.0,79,0.0,6.3,1,Clouds generally dissolving or becoming less developed
2026-05-23,00:00:00,Sarawak,Sibu,2.3,111.8167,25.4,99,0.0,6.6,3,Clouds generally forming or developing
2026-05-23,00:00:00,Negeri Sembilan,Seremban,2.7297,101.9381,27.2,90,0.0,2.7,3,Clouds generally forming or developing
2026-05-23,00:00:00,Kuala Lumpur,Kuala Lumpur,3.1478,101.6953,27.8,86,0.0,1.3,3,Clouds generally forming or developing
2026-05-23,00:00:00,Selangor,Klang,3.0333,101.45,27.6,86,0.0,4.0,3,Clouds generally forming or developing
2026-05-23,00:00:00,Perak,Ipoh,4.6,101.07,28.8,65,0.0,2.3,3,Clouds generally forming or developing
2026-05-23,00:00:00,Terengganu,Kuala Terengganu,5.3303,103.1408,26.7,95,0.0,4.8,2,State of sky on the whole unchanged
2026-05-23,00:00:00,Johor,Kluang,2.0336,103.3194,26.4,90,0.0,4.1,3,Clouds generally forming or developing
2026-05-23,17:00:00,Johor,Johor Bahru,1.4556,103.7611,28.4,85,0.3,5.9,51,"Drizzle, not freezing, continuous 	slight at time of observation"
2026-05-23,17:00:00,Putrajaya,Putrajaya,2.93,101.69,29.1,77,0.2,4.8,51,"Drizzle, not freezing, continuous 	slight at time of observation"
2026-05-23,17:00:00,Melaka,Melaka,2.1889,102.2511,29.7,76,0.0,9.3,3,Clouds generally forming or developing
2026-05-23,17:00:00,Sabah,Lahad Datu,5.03,118.34,26.5,97,1.0,8.5,55,"Drizzle, not freezing, continuous heavy (dense) at time of observation"
2026-05-23,17:00:00,Selangor,Shah Alam,3.0833,101.5333,29.2,72,0.4,5.6,53,"Drizzle, not freezing, continuous 	moderate at time of observation"
2026-05-23,17:00:00,Sabah,Tawau,4.2448,117.8911,30.4,72,0.1,8.4,51,"Drizzle, not freezing, continuous 	slight at time of observation"
2026-05-23,17:00:00,Perlis,Kangar,6.4333,100.2,31.9,58,0.0,13.9,3,Clouds generally forming or developing
2026-05-23,17:00:00,Johor,Batu Pahat,1.85,102.93,28.6,83,0.0,8.2,95,"Thunderstorm, slight or moderate, without hail** but with rain and/or snow at time of observation - Thunderstorm at time of observation"
2026-05-23,17:00:00,Kedah,Alor Setar,6.1167,100.3667,31.9,62,0.0,9.8,2,State of sky on the whole unchanged
2026-05-23,17:00:00,Selangor,Petaling Jaya,3.1073,101.6067,29.0,72,1.1,3.1,55,"Drizzle, not freezing, continuous heavy (dense) at time of observation"
2026-05-23,17:00:00,Negeri Sembilan,Seremban,2.7297,101.9381,28.7,79,0.0,5.7,3,Clouds generally forming or developing
2026-05-23,17:00:00,Selangor,Klang,3.0333,101.45,29.3,73,0.5,8.1,80,"Rain shower(s), slight"
2026-05-23,17:00:00,Pulau Pinang,George Town,5.4145,100.3292,31.5,65,0.0,9.2,3,Clouds generally forming or developing
2026-05-23,17:00:00,Pahang,Kuantan,3.8167,103.3333,28.5,79,0.0,4.3,51,"Drizzle, not freezing, continuous 	slight at time of observation"
2026-05-23,17:00:00,Terengganu,Kuala Terengganu,5.3303,103.1408,29.9,72,0.0,3.3,51,"Drizzle, not freezing, continuous 	slight at time of observation"
2026-05-23,17:00:00,Kelantan,Kota Bharu,6.1333,102.25,31.4,63,0.0,6.0,3,Clouds generally forming or developing
2026-05-23,17:00:00,Sarawak,Bintulu,3.17,113.03,29.1,77,0.0,9.1,3,Clouds generally forming or developing
2026-05-23,17:00:00,Sabah,Kota Kinabalu,5.975,116.0725,29.1,73,0.0,0.7,3,Clouds generally forming or developing
2026-05-23,17:00:00,Sabah,Sandakan,5.8388,118.1173,29.9,68,0.1,15.3,51,"Drizzle, not freezing, continuous 	slight at time of observation"
2026-05-23,17:00:00,Pulau Pinang,Butterworth,5.3992,100.3639,32.2,58,0.0,7.4,3,Clouds generally forming or developing
2026-05-23,17:00:00,Johor,Muar,2.05,102.56,28.5,82,0.0,7.6,3,Clouds generally forming or developing
2026-05-23,17:00:00,Perak,Taiping,4.85,100.7333,27.8,95,0.4,11.1,95,"Thunderstorm, slight or moderate, without hail** but with rain and/or snow at time of observation - Thunderstorm at time of observation"
2026-05-23,17:00:00,Perak,Teluk Intan,4.0259,101.0213,27.6,88,0.3,7.1,51,"Drizzle, not freezing, continuous 	slight at time of observation"
2026-05-23,17:00:00,Johor,Kluang,2.0336,103.3194,27.2,90,0.2,3.3,51,"Drizzle, not freezing, continuous 	slight at time of observation"
2026-05-23,17:00:00,Perak,Ipoh,4.6,101.07,30.5,63,0.9,4.7,53,"Drizzle, not freezing, continuous 	moderate at time of observation"
2026-05-23,17:00:00,Kedah,Sungai Petani,5.65,100.48,32.0,59,0.0,9.9,3,Clouds generally forming or developing
2026-05-23,17:00:00,Kuala Lumpur,Kuala Lumpur,3.1478,101.6953,29.9,67,0.3,4.0,51,"Drizzle, not freezing, continuous 	slight at time of observation"
2026-05-23,17:00:00,Labuan,Labuan,5.2803,115.2475,29.8,72,0.0,11.9,3,Clouds generally forming or developing
2026-05-23,17:00:00,Sarawak,Miri,4.4028,113.9933,29.4,73,0.0,10.6,2,State of sky on the whole unchanged
2026-05-23,17:00:00,Pahang,Raub,3.7931,101.8569,25.6,91,0.1,4.7,80,"Rain shower(s), slight"
2026-05-23,17:00:00,Pulau Pinang,Bukit Mertajam,5.3631,100.4667,32.1,58,0.0,7.4,3,Clouds generally forming or developing
2026-05-23,17:00:00,Sarawak,Sibu,2.3,111.8167,29.5,78,0.0,5.1,0,Cloud development not observed or not observable
2026-05-23,17:00:00,Pahang,Kuala Lipis,4.184,102.042,26.5,92,0.1,6.1,81,"Rain shower(s), moderate or heavy"
2026-05-23,16:00:00,Pulau Pinang,George Town,5.4145,100.3292,32.2,61,0.0,9.3,3,Clouds generally forming or developing
2026-05-23,16:00:00,Sarawak,Sibu,2.3,111.8167,29.8,77,0.0,7.1,0,Cloud development not observed or not observable
2026-05-23,16:00:00,Sabah,Sandakan,5.8388,118.1173,31.2,66,0.1,13.6,51,"Drizzle, not freezing, continuous 	slight at time of observation"
2026-05-23,16:00:00,Negeri Sembilan,Seremban,2.7297,101.9381,28.5,82,0.3,5.1,51,"Drizzle, not freezing, continuous 	slight at time of observation"
2026-05-23,16:00:00,Perlis,Kangar,6.4333,100.2,32.3,57,0.0,13.3,3,Clouds generally forming or developing
2026-05-23,16:00:00,Selangor,Klang,3.0333,101.45,31.0,61,0.1,8.2,51,"Drizzle, not freezing, continuous 	slight at time of observation"
2026-05-23,16:00:00,Kedah,Alor Setar,6.1167,100.3667,32.5,61,0.0,9.4,3,Clouds generally forming or developing
2026-05-23,16:00:00,Pulau Pinang,Bukit Mertajam,5.3631,100.4667,32.5,57,0.0,7.8,3,Clouds generally forming or developing
2026-05-23,16:00:00,Melaka,Melaka,2.1889,102.2511,29.5,76,0.2,10.6,51,"Drizzle, not freezing, continuous 	slight at time of observation"
2026-05-23,16:00:00,Kelantan,Kota Bharu,6.1333,102.25,31.2,66,0.1,6.1,51,"Drizzle, not freezing, continuous 	slight at time of observation"
2026-05-23,16:00:00,Sabah,Kota Kinabalu,5.975,116.0725,29.6,72,0.0,1.2,3,Clouds generally forming or developing
2026-05-23,16:00:00,Pahang,Kuantan,3.8167,103.3333,28.6,78,0.1,6.1,51,"Drizzle, not freezing, continuous 	slight at time of observation"
2026-05-23,16:00:00,Kedah,Sungai Petani,5.65,100.48,32.8,56,0.0,10.0,3,Clouds generally forming or developing
2026-05-23,16:00:00,Sarawak,Miri,4.4028,113.9933,29.8,73,0.0,13.4,1,Clouds generally dissolving or becoming less developed
2026-05-23,16:00:00,Pulau Pinang,Butterworth,5.3992,100.3639,32.6,57,0.0,7.8,3,Clouds generally forming or developing
2026-05-23,16:00:00,Perak,Teluk Intan,4.0259,101.0213,29.3,78,0.1,8.2,51,"Drizzle, not freezing, continuous 	slight at time of observation"
2026-05-23,16:00:00,Pahang,Kuala Lipis,4.184,102.042,26.6,96,1.2,10.0,80,"Rain shower(s), slight"
2026-05-23,16:00:00,Johor,Muar,2.05,102.56,28.5,81,0.1,10.2,51,"Drizzle, not freezing, continuous 	slight at time of observation"
2026-05-23,16:00:00,Johor,Kluang,2.0336,103.3194,27.2,90,0.3,3.1,51,"Drizzle, not freezing, continuous 	slight at time of observation"
2026-05-23,16:00:00,Perak,Taiping,4.85,100.7333,32.2,64,0.0,6.8,3,Clouds generally forming or developing
2026-05-23,16:00:00,Sarawak,Bintulu,3.17,113.03,29.3,79,0.1,8.7,51,"Drizzle, not freezing, continuous 	slight at time of observation"
2026-05-23,16:00:00,Labuan,Labuan,5.2803,115.2475,30.3,69,0.0,13.9,2,State of sky on the whole unchanged
2026-05-23,16:00:00,Putrajaya,Putrajaya,2.93,101.69,29.1,77,0.1,5.1,51,"Drizzle, not freezing, continuous 	slight at time of observation"
2026-05-23,16:00:00,Sabah,Lahad Datu,5.03,118.34,26.5,93,0.5,14.1,81,"Rain shower(s), moderate or heavy"
2026-05-23,16:00:00,Johor,Batu Pahat,1.85,102.93,28.2,85,0.0,7.5,3,Clouds generally forming or developing
2026-05-23,16:00:00,Perak,Ipoh,4.6,101.07,31.5,60,0.4,8.7,80,"Rain shower(s), slight"
2026-05-23,16:00:00,Selangor,Petaling Jaya,3.1073,101.6067,29.0,72,0.4,6.4,61,"Rain, not freezing, continuous slight at time of observation"
2026-05-23,16:00:00,Kuala Lumpur,Kuala Lumpur,3.1478,101.6953,29.9,66,1.0,6.6,61,"Rain, not freezing, continuous slight at time of observation"
2026-05-23,16:00:00,Selangor,Shah Alam,3.0833,101.5333,29.9,69,0.5,8.7,53,"Drizzle, not freezing, continuous 	moderate at time of observation"
2026-05-23,16:00:00,Pahang,Raub,3.7931,101.8569,26.1,90,0.9,7.8,53,"Drizzle, not freezing, continuous 	moderate at time of observation"
2026-05-23,16:00:00,Johor,Johor Bahru,1.4556,103.7611,26.6,93,0.8,6.1,81,"Rain shower(s), moderate or heavy"
2026-05-23,16:00:00,Sabah,Tawau,4.2448,117.8911,30.8,71,0.2,9.4,51,"Drizzle, not freezing, continuous 	slight at time of observation"
2026-05-23,16:00:00,Terengganu,Kuala Terengganu,5.3303,103.1408,30.1,72,0.0,6.6,51,"Drizzle, not freezing, continuous 	slight at time of observation"
2026-05-23,15:00:00,Sarawak,Bintulu,3.17,113.03,29.6,79,0.1,10.3,51,"Drizzle, not freezing, continuous 	slight at time of observation"
2026-05-23,15:00:00,Pulau Pinang,George Town,5.4145,100.3292,32.5,59,0.0,9.7,2,State of sky on the whole unchanged
2026-05-23,15:00:00,Sabah,Tawau,4.2448,117.8911,31.2,67,0.1,10.9,51,"Drizzle, not freezing, continuous 	slight at time of observation"
2026-05-23,15:00:00,Sarawak,Miri,4.4028,113.9933,30.0,72,0.0,14.9,1,Clouds generally dissolving or becoming less developed
2026-05-23,15:00:00,Perak,Teluk Intan,4.0259,101.0213,31.1,63,0.1,9.7,51,"Drizzle, not freezing, continuous 	slight at time of observation"
2026-05-23,15:00:00,Kelantan,Kota Bharu,6.1333,102.25,32.0,63,0.1,8.1,51,"Drizzle, not freezing, continuous 	slight at time of observation"
2026-05-23,15:00:00,Putrajaya,Putrajaya,2.93,101.69,28.5,79,0.4,15.3,51,"Drizzle, not freezing, continuous 	slight at time of observation"
2026-05-23,15:00:00,Sarawak,Sibu,2.3,111.8167,29.2,80,0.1,7.8,51,"Drizzle, not freezing, continuous 	slight at time of observation"
2026-05-23,15:00:00,Selangor,Shah Alam,3.0833,101.5333,32.4,55,0.1,7.8,51,"Drizzle, not freezing, continuous 	slight at time of observation"
2026-05-23,15:00:00,Kuala Lumpur,Kuala Lumpur,3.1478,101.6953,33.0,50,0.1,7.9,51,"Drizzle, not freezing, continuous 	slight at time of observation"
2026-05-23,15:00:00,Negeri Sembilan,Seremban,2.7297,101.9381,27.4,89,1.5,3.2,80,"Rain shower(s), slight"
2026-05-23,15:00:00,Pulau Pinang,Butterworth,5.3992,100.3639,33.0,55,0.0,8.0,3,Clouds generally forming or developing
2026-05-23,15:00:00,Pahang,Kuantan,3.8167,103.3333,29.8,76,0.1,7.6,51,"Drizzle, not freezing, continuous 	slight at time of observation"
2026-05-23,15:00:00,Selangor,Petaling Jaya,3.1073,101.6067,33.2,50,0.0,8.1,51,"Drizzle, not freezing, continuous 	slight at time of observation"
2026-05-23,15:00:00,Labuan,Labuan,5.2803,115.2475,30.2,69,0.0,15.2,1,Clouds generally dissolving or becoming less developed
2026-05-23,15:00:00,Melaka,Melaka,2.1889,102.2511,28.8,78,0.2,12.2,53,"Drizzle, not freezing, continuous 	moderate at time of observation"
2026-05-23,15:00:00,Sabah,Sandakan,5.8388,118.1173,30.9,69,0.7,11.0,53,"Drizzle, not freezing, continuous 	moderate at time of observation"
2026-05-23,15:00:00,Pahang,Raub,3.7931,101.8569,25.5,92,1.1,14.0,55,"Drizzle, not freezing, continuous heavy (dense) at time of observation"
2026-05-23,15:00:00,Kedah,Alor Setar,6.1167,100.3667,32.6,62,0.0,8.6,3,Clouds generally forming or developing
2026-05-23,15:00:00,Terengganu,Kuala Terengganu,5.3303,103.1408,30.6,72,0.0,5.1,51,"Drizzle, not freezing, continuous 	slight at time of observation"
2026-05-23,15:00:00,Perak,Ipoh,4.6,101.07,35.5,39,0.0,7.9,3,Clouds generally forming or developing
2026-05-23,15:00:00,Johor,Muar,2.05,102.56,26.8,89,0.4,14.8,51,"Drizzle, not freezing, continuous 	slight at time of observation"
2026-05-23,15:00:00,Selangor,Klang,3.0333,101.45,33.3,50,0.0,4.0,3,Clouds generally forming or developing
2026-05-23,15:00:00,Johor,Johor Bahru,1.4556,103.7611,25.9,94,1.4,7.3,81,"Rain shower(s), moderate or heavy"
2026-05-23,15:00:00,Perlis,Kangar,6.4333,100.2,32.7,57,0.0,12.5,3,Clouds generally forming or developing
2026-05-23,15:00:00,Perak,Taiping,4.85,100.7333,33.3,59,0.0,4.4,3,Clouds generally forming or developing
2026-05-23,15:00:00,Johor,Batu Pahat,1.85,102.93,27.5,88,0.1,7.3,51,"Drizzle, not freezing, continuous 	slight at time of observation"
2026-05-23,15:00:00,Sabah,Kota Kinabalu,5.975,116.0725,29.7,74,0.0,3.1,51,"Drizzle, not freezing, continuous 	slight at time of observation"
2026-05-23,15:00:00,Pahang,Kuala Lipis,4.184,102.042,27.0,92,0.3,20.9,81,"Rain shower(s), moderate or heavy"
2026-05-23,15:00:00,Johor,Kluang,2.0336,103.3194,27.5,89,0.4,4.6,51,"Drizzle, not freezing, continuous 	slight at time of observation"
2026-05-23,15:00:00,Pulau Pinang,Bukit Mertajam,5.3631,100.4667,33.0,55,0.0,8.0,3,Clouds generally forming or developing
2026-05-23,15:00:00,Kedah,Sungai Petani,5.65,100.48,33.3,55,0.0,7.6,3,Clouds generally forming or developing
2026-05-23,15:00:00,Sabah,Lahad Datu,5.03,118.34,32.0,61,0.2,4.4,51,"Drizzle, not freezing, continuous 	slight at time of observation"
2026-05-23,14:00:00,Pahang,Kuantan,3.8167,103.3333,30.1,74,0.1,5.6,51,"Drizzle, not freezing, continuous 	slight at time of observation"
2026-05-23,14:00:00,Selangor,Petaling Jaya,3.1073,101.6067,34.2,47,0.1,2.2,51,"Drizzle, not freezing, continuous 	slight at time of observation"
2026-05-23,14:00:00,Johor,Johor Bahru,1.4556,103.7611,25.2,97,0.2,12.7,81,"Rain shower(s), moderate or heavy"
2026-05-23,14:00:00,Kedah,Alor Setar,6.1167,100.3667,33.0,59,0.0,8.2,2,State of sky on the whole unchanged
2026-05-23,14:00:00,Sabah,Sandakan,5.8388,118.1173,30.9,69,0.3,9.2,53,"Drizzle, not freezing, continuous 	moderate at time of observation"
2026-05-23,14:00:00,Perak,Ipoh,4.6,101.07,36.4,37,0.0,4.4,3,Clouds generally forming or developing
2026-05-23,14:00:00,Perlis,Kangar,6.4333,100.2,33.0,57,0.0,10.8,3,Clouds generally forming or developing
2026-05-23,14:00:00,Terengganu,Kuala Terengganu,5.3303,103.1408,29.7,75,0.4,7.2,51,"Drizzle, not freezing, continuous 	slight at time of observation"
2026-05-23,14:00:00,Johor,Muar,2.05,102.56,27.7,84,0.7,14.4,55,"Drizzle, not freezing, continuous heavy (dense) at time of observation"
2026-05-23,14:00:00,Johor,Kluang,2.0336,103.3194,27.1,90,0.5,6.0,53,"Drizzle, not freezing, continuous 	moderate at time of observation"
2026-05-23,14:00:00,Johor,Batu Pahat,1.85,102.93,25.8,93,0.5,13.6,53,"Drizzle, not freezing, continuous 	moderate at time of observation"
2026-05-23,14:00:00,Selangor,Klang,3.0333,101.45,34.7,47,0.1,2.7,51,"Drizzle, not freezing, continuous 	slight at time of observation"
2026-05-23,14:00:00,Sarawak,Bintulu,3.17,113.03,29.6,76,0.1,10.2,53,"Drizzle, not freezing, continuous 	moderate at time of observation"
2026-05-23,14:00:00,Putrajaya,Putrajaya,2.93,101.69,31.2,62,0.1,5.9,53,"Drizzle, not freezing, continuous 	moderate at time of observation"
2026-05-23,14:00:00,Kedah,Sungai Petani,5.65,100.48,33.5,54,0.0,7.0,2,State of sky on the whole unchanged
2026-05-23,14:00:00,Negeri Sembilan,Seremban,2.7297,101.9381,26.7,89,1.1,11.1,55,"Drizzle, not freezing, continuous heavy (dense) at time of observation"
2026-05-23,14:00:00,Pahang,Raub,3.7931,101.8569,31.5,55,0.2,8.7,53,"Drizzle, not freezing, continuous 	moderate at time of observation"
2026-05-23,14:00:00,Pulau Pinang,Bukit Mertajam,5.3631,100.4667,33.0,55,0.0,8.3,2,State of sky on the whole unchanged
2026-05-23,14:00:00,Sarawak,Sibu,2.3,111.8167,28.4,85,0.3,5.4,51,"Drizzle, not freezing, continuous 	slight at time of observation"
2026-05-23,14:00:00,Sabah,Lahad Datu,5.03,118.34,32.5,60,0.0,5.6,2,State of sky on the whole unchanged
2026-05-23,14:00:00,Perak,Taiping,4.85,100.7333,33.3,57,0.0,7.4,3,Clouds generally forming or developing
2026-05-23,14:00:00,Pulau Pinang,Butterworth,5.3992,100.3639,33.1,55,0.0,8.3,2,State of sky on the whole unchanged
2026-05-23,14:00:00,Labuan,Labuan,5.2803,115.2475,30.8,65,0.0,14.8,2,State of sky on the whole unchanged
2026-05-23,14:00:00,Melaka,Melaka,2.1889,102.2511,30.3,66,0.1,8.5,51,"Drizzle, not freezing, continuous 	slight at time of observation"
2026-05-23,14:00:00,Selangor,Shah Alam,3.0833,101.5333,34.2,50,0.1,2.2,51,"Drizzle, not freezing, continuous 	slight at time of observation"
2026-05-23,14:00:00,Kuala Lumpur,Kuala Lumpur,3.1478,101.6953,34.7,46,0.1,5.0,51,"Drizzle, not freezing, continuous 	slight at time of observation"
2026-05-23,14:00:00,Pahang,Kuala Lipis,4.184,102.042,33.4,58,0.0,1.3,3,Clouds generally forming or developing
2026-05-23,14:00:00,Sabah,Tawau,4.2448,117.8911,32.7,60,0.0,9.6,2,State of sky on the whole unchanged
2026-05-23,14:00:00,Perak,Teluk Intan,4.0259,101.0213,33.0,59,0.0,3.9,3,Clouds generally forming or developing
2026-05-23,14:00:00,Sarawak,Miri,4.4028,113.9933,30.2,72,0.0,13.4,3,Clouds generally forming or developing
2026-05-23,14:00:00,Pulau Pinang,George Town,5.4145,100.3292,32.6,61,0.0,10.5,2,State of sky on the whole unchanged
2026-05-23,14:00:00,Sabah,Kota Kinabalu,5.975,116.0725,29.8,75,0.0,4.8,51,"Drizzle, not freezing, continuous 	slight at time of observation"
2026-05-23,14:00:00,Kelantan,Kota Bharu,6.1333,102.25,31.6,65,0.1,9.6,51,"Drizzle, not freezing, continuous 	slight at time of observation"
2026-05-23,13:00:00,Kedah,Sungai Petani,5.65,100.48,33.5,53,0.0,4.0,3,Clouds generally forming or developing
2026-05-23,13:00:00,Labuan,Labuan,5.2803,115.2475,31.0,63,0.0,13.4,3,Clouds generally forming or developing
2026-05-23,13:00:00,Pahang,Kuala Lipis,4.184,102.042,32.8,60,0.0,3.4,3,Clouds generally forming or developing
2026-05-23,13:00:00,Perlis,Kangar,6.4333,100.2,32.8,58,0.0,8.5,3,Clouds generally forming or developing
2026-05-23,13:00:00,Perak,Teluk Intan,4.0259,101.0213,32.2,63,0.0,4.3,3,Clouds generally forming or developing
2026-05-23,13:00:00,Pulau Pinang,Bukit Mertajam,5.3631,100.4667,32.7,58,0.0,7.6,3,Clouds generally forming or developing
2026-05-23,13:00:00,Johor,Batu Pahat,1.85,102.93,30.1,69,0.0,7.6,3,Clouds generally forming or developing
2026-05-23,13:00:00,Sarawak,Miri,4.4028,113.9933,30.4,71,0.0,12.5,3,Clouds generally forming or developing
2026-05-23,13:00:00,Kedah,Alor Setar,6.1167,100.3667,32.7,59,0.0,7.3,3,Clouds generally forming or developing
2026-05-23,13:00:00,Perak,Taiping,4.85,100.7333,33.0,58,0.0,7.7,3,Clouds generally forming or developing
2026-05-23,13:00:00,Putrajaya,Putrajaya,2.93,101.69,33.2,55,0.0,3.4,3,Clouds generally forming or developing
2026-05-23,13:00:00,Pulau Pinang,George Town,5.4145,100.3292,32.8,59,0.0,8.9,3,Clouds generally forming or developing
2026-05-23,13:00:00,Sarawak,Bintulu,3.17,113.03,30.6,70,0.1,8.7,51,"Drizzle, not freezing, continuous 	slight at time of observation"
2026-05-23,13:00:00,Selangor,Klang,3.0333,101.45,34.2,48,0.0,2.3,3,Clouds generally forming or developing
2026-05-23,13:00:00,Sabah,Sandakan,5.8388,118.1173,29.9,73,0.0,11.3,53,"Drizzle, not freezing, continuous 	moderate at time of observation"
2026-05-23,13:00:00,Negeri Sembilan,Seremban,2.7297,101.9381,31.5,61,0.1,5.0,51,"Drizzle, not freezing, continuous 	slight at time of observation"
2026-05-23,13:00:00,Sabah,Lahad Datu,5.03,118.34,32.2,63,0.0,4.6,2,State of sky on the whole unchanged
2026-05-23,13:00:00,Johor,Kluang,2.0336,103.3194,26.7,93,1.5,7.4,80,"Rain shower(s), slight"
2026-05-23,13:00:00,Selangor,Petaling Jaya,3.1073,101.6067,33.9,48,0.0,2.0,3,Clouds generally forming or developing
2026-05-23,13:00:00,Terengganu,Kuala Terengganu,5.3303,103.1408,29.1,78,0.1,2.5,81,"Rain shower(s), moderate or heavy"
2026-05-23,13:00:00,Perak,Ipoh,4.6,101.07,36.2,38,0.0,4.1,3,Clouds generally forming or developing
2026-05-23,13:00:00,Sabah,Kota Kinabalu,5.975,116.0725,29.9,74,0.0,7.2,51,"Drizzle, not freezing, continuous 	slight at time of observation"
2026-05-23,13:00:00,Pahang,Raub,3.7931,101.8569,32.2,53,0.2,8.4,51,"Drizzle, not freezing, continuous 	slight at time of observation"
2026-05-23,13:00:00,Pahang,Kuantan,3.8167,103.3333,30.0,78,0.0,1.6,95,"Thunderstorm, slight or moderate, without hail** but with rain and/or snow at time of observation - Thunderstorm at time of observation"
2026-05-23,13:00:00,Pulau Pinang,Butterworth,5.3992,100.3639,32.8,58,0.0,7.6,3,Clouds generally forming or developing
2026-05-23,13:00:00,Sarawak,Sibu,2.3,111.8167,28.2,85,0.4,3.8,51,"Drizzle, not freezing, continuous 	slight at time of observation"
2026-05-23,13:00:00,Johor,Muar,2.05,102.56,31.8,63,0.0,10.0,51,"Drizzle, not freezing, continuous 	slight at time of observation"
2026-05-23,13:00:00,Selangor,Shah Alam,3.0833,101.5333,33.7,50,0.0,3.4,3,Clouds generally forming or developing
2026-05-23,13:00:00,Melaka,Melaka,2.1889,102.2511,32.0,62,0.1,9.0,51,"Drizzle, not freezing, continuous 	slight at time of observation"
2026-05-23,13:00:00,Kelantan,Kota Bharu,6.1333,102.25,31.7,65,0.1,7.8,51,"Drizzle, not freezing, continuous 	slight at time of observation"
2026-05-23,13:00:00,Johor,Johor Bahru,1.4556,103.7611,32.5,63,0.0,3.8,51,"Drizzle, not freezing, continuous 	slight at time of observation"
2026-05-23,13:00:00,Sabah,Tawau,4.2448,117.8911,33.2,58,0.0,2.6,2,State of sky on the whole unchanged
2026-05-23,13:00:00,Kuala Lumpur,Kuala Lumpur,3.1478,101.6953,34.2,47,0.0,1.7,3,Clouds generally forming or developing
2026-05-23,12:00:00,Johor,Batu Pahat,1.85,102.93,32.0,65,0.0,3.8,3,Clouds generally forming or developing
2026-05-23,12:00:00,Pulau Pinang,Butterworth,5.3992,100.3639,32.2,61,0.0,6.5,3,Clouds generally forming or developing
2026-05-23,12:00:00,Terengganu,Kuala Terengganu,5.3303,103.1408,30.6,71,0.0,9.6,53,"Drizzle, not freezing, continuous 	moderate at time of observation"
2026-05-23,12:00:00,Sarawak,Bintulu,3.17,113.03,30.6,69,0.0,5.7,51,"Drizzle, not freezing, continuous 	slight at time of observation"
2026-05-23,12:00:00,Perak,Teluk Intan,4.0259,101.0213,31.9,65,0.1,3.7,51,"Drizzle, not freezing, continuous 	slight at time of observation"
2026-05-23,12:00:00,Kuala Lumpur,Kuala Lumpur,3.1478,101.6953,33.8,49,0.0,2.3,3,Clouds generally forming or developing
2026-05-23,12:00:00,Sarawak,Sibu,2.3,111.8167,28.0,86,0.3,3.4,51,"Drizzle, not freezing, continuous 	slight at time of observation"
2026-05-23,12:00:00,Perak,Taiping,4.85,100.7333,32.6,58,0.0,6.4,3,Clouds generally forming or developing
2026-05-23,12:00:00,Selangor,Klang,3.0333,101.45,33.9,50,0.0,0.9,3,Clouds generally forming or developing
2026-05-23,12:00:00,Perak,Ipoh,4.6,101.07,35.2,42,0.0,2.4,3,Clouds generally forming or developing
2026-05-23,12:00:00,Sabah,Tawau,4.2448,117.8911,32.7,58,0.0,3.4,3,Clouds generally forming or developing
2026-05-23,12:00:00,Johor,Muar,2.05,102.56,31.4,66,0.1,9.2,51,"Drizzle, not freezing, continuous 	slight at time of observation"
2026-05-23,12:00:00,Putrajaya,Putrajaya,2.93,101.69,32.7,56,0.0,1.8,3,Clouds generally forming or developing
2026-05-23,12:00:00,Pulau Pinang,Bukit Mertajam,5.3631,100.4667,32.2,61,0.0,6.5,3,Clouds generally forming or developing
2026-05-23,12:00:00,Perlis,Kangar,6.4333,100.2,32.3,59,0.0,6.1,3,Clouds generally forming or developing
2026-05-23,12:00:00,Pahang,Kuantan,3.8167,103.3333,29.0,82,0.0,1.7,3,Clouds generally forming or developing
2026-05-23,12:00:00,Melaka,Melaka,2.1889,102.2511,31.8,64,0.0,9.0,51,"Drizzle, not freezing, continuous 	slight at time of observation"
2026-05-23,12:00:00,Johor,Johor Bahru,1.4556,103.7611,32.2,66,0.0,2.6,95,"Thunderstorm, slight or moderate, without hail** but with rain and/or snow at time of observation - Thunderstorm at time of observation"
2026-05-23,12:00:00,Selangor,Shah Alam,3.0833,101.5333,33.5,51,0.0,1.7,3,Clouds generally forming or developing
2026-05-23,12:00:00,Sabah,Lahad Datu,5.03,118.34,31.8,63,0.0,4.8,3,Clouds generally forming or developing
2026-05-23,12:00:00,Pulau Pinang,George Town,5.4145,100.3292,32.4,60,0.0,6.9,3,Clouds generally forming or developing
2026-05-23,12:00:00,Johor,Kluang,2.0336,103.3194,25.2,96,0.3,13.2,81,"Rain shower(s), moderate or heavy"
2026-05-23,12:00:00,Kedah,Sungai Petani,5.65,100.48,32.9,55,0.0,2.7,3,Clouds generally forming or developing
2026-05-23,12:00:00,Pahang,Raub,3.7931,101.8569,32.8,51,0.0,5.7,3,Clouds generally forming or developing
2026-05-23,12:00:00,Sabah,Kota Kinabalu,5.975,116.0725,29.7,74,0.1,7.0,51,"Drizzle, not freezing, continuous 	slight at time of observation"
2026-05-23,12:00:00,Selangor,Petaling Jaya,3.1073,101.6067,33.7,49,0.0,2.2,3,Clouds generally forming or developing
2026-05-23,12:00:00,Pahang,Kuala Lipis,4.184,102.042,32.4,61,0.0,2.2,3,Clouds generally forming or developing
2026-05-23,12:00:00,Negeri Sembilan,Seremban,2.7297,101.9381,32.2,58,0.1,2.0,51,"Drizzle, not freezing, continuous 	slight at time of observation"
2026-05-23,12:00:00,Kedah,Alor Setar,6.1167,100.3667,32.3,61,0.0,5.1,3,Clouds generally forming or developing
2026-05-23,12:00:00,Sabah,Sandakan,5.8388,118.1173,33.8,54,0.2,3.8,51,"Drizzle, not freezing, continuous 	slight at time of observation"
2026-05-23,12:00:00,Sarawak,Miri,4.4028,113.9933,30.4,71,0.0,11.0,3,Clouds generally forming or developing
2026-05-23,12:00:00,Labuan,Labuan,5.2803,115.2475,31.1,63,0.0,11.7,2,State of sky on the whole unchanged
2026-05-23,12:00:00,Kelantan,Kota Bharu,6.1333,102.25,32.2,62,0.1,10.7,51,"Drizzle, not freezing, continuous 	slight at time of observation"
2026-05-23,11:00:00,Kedah,Alor Setar,6.1167,100.3667,31.5,66,0.0,3.5,3,Clouds generally forming or developing
2026-05-23,11:00:00,Perak,Teluk Intan,4.0259,101.0213,31.4,67,0.0,1.9,2,State of sky on the whole unchanged
2026-05-23,11:00:00,Selangor,Klang,3.0333,101.45,32.8,55,0.0,0.3,2,State of sky on the whole unchanged
2026-05-23,11:00:00,Johor,Kluang,2.0336,103.3194,31.1,70,0.0,2.6,95,"Thunderstorm, slight or moderate, without hail** but with rain and/or snow at time of observation - Thunderstorm at time of observation"
2026-05-23,11:00:00,Sarawak,Miri,4.4028,113.9933,29.9,73,0.0,11.7,3,Clouds generally forming or developing
2026-05-23,11:00:00,Johor,Johor Bahru,1.4556,103.7611,31.2,70,0.0,3.9,95,"Thunderstorm, slight or moderate, without hail** but with rain and/or snow at time of observation - Thunderstorm at time of observation"
2026-05-23,11:00:00,Perlis,Kangar,6.4333,100.2,31.6,64,0.1,2.2,51,"Drizzle, not freezing, continuous 	slight at time of observation"
2026-05-23,11:00:00,Pahang,Raub,3.7931,101.8569,31.7,55,0.0,4.6,51,"Drizzle, not freezing, continuous 	slight at time of observation"
2026-05-23,11:00:00,Johor,Muar,2.05,102.56,31.6,65,0.0,5.6,2,State of sky on the whole unchanged
2026-05-23,11:00:00,Selangor,Shah Alam,3.0833,101.5333,32.7,55,0.0,0.9,2,State of sky on the whole unchanged
2026-05-23,11:00:00,Perak,Taiping,4.85,100.7333,32.1,60,0.0,4.5,2,State of sky on the whole unchanged
2026-05-23,11:00:00,Johor,Batu Pahat,1.85,102.93,31.5,68,0.0,4.1,2,State of sky on the whole unchanged
2026-05-23,11:00:00,Pahang,Kuantan,3.8167,103.3333,27.4,90,0.4,3.6,51,"Drizzle, not freezing, continuous 	slight at time of observation"
2026-05-23,11:00:00,Sarawak,Bintulu,3.17,113.03,30.0,74,0.1,6.1,51,"Drizzle, not freezing, continuous 	slight at time of observation"
2026-05-23,11:00:00,Terengganu,Kuala Terengganu,5.3303,103.1408,32.0,64,0.0,5.4,3,Clouds generally forming or developing
2026-05-23,11:00:00,Kelantan,Kota Bharu,6.1333,102.25,32.8,57,0.0,6.6,51,"Drizzle, not freezing, continuous 	slight at time of observation"
2026-05-23,11:00:00,Pahang,Kuala Lipis,4.184,102.042,31.2,67,0.0,1.6,3,Clouds generally forming or developing
2026-05-23,11:00:00,Labuan,Labuan,5.2803,115.2475,30.9,65,0.0,10.1,3,Clouds generally forming or developing
2026-05-23,11:00:00,Sabah,Kota Kinabalu,5.975,116.0725,29.4,75,0.0,9.9,51,"Drizzle, not freezing, continuous 	slight at time of observation"
2026-05-23,11:00:00,Kedah,Sungai Petani,5.65,100.48,32.0,60,0.0,1.8,3,Clouds generally forming or developing
2026-05-23,11:00:00,Negeri Sembilan,Seremban,2.7297,101.9381,31.4,62,0.0,2.3,51,"Drizzle, not freezing, continuous 	slight at time of observation"
2026-05-23,11:00:00,Kuala Lumpur,Kuala Lumpur,3.1478,101.6953,33.2,52,0.0,0.8,3,Clouds generally forming or developing
2026-05-23,11:00:00,Sabah,Sandakan,5.8388,118.1173,33.2,56,0.2,4.4,51,"Drizzle, not freezing, continuous 	slight at time of observation"
2026-05-23,11:00:00,Pulau Pinang,Bukit Mertajam,5.3631,100.4667,31.6,65,0.0,5.4,3,Clouds generally forming or developing
2026-05-23,11:00:00,Pulau Pinang,George Town,5.4145,100.3292,31.8,63,0.0,5.1,3,Clouds generally forming or developing
2026-05-23,11:00:00,Selangor,Petaling Jaya,3.1073,101.6067,32.9,53,0.0,0.6,3,Clouds generally forming or developing
2026-05-23,11:00:00,Putrajaya,Putrajaya,2.93,101.69,32.0,61,0.0,1.7,3,Clouds generally forming or developing
2026-05-23,11:00:00,Sarawak,Sibu,2.3,111.8167,27.3,89,0.1,2.4,51,"Drizzle, not freezing, continuous 	slight at time of observation"
2026-05-23,11:00:00,Sabah,Tawau,4.2448,117.8911,32.0,61,0.0,6.9,3,Clouds generally forming or developing
2026-05-23,11:00:00,Melaka,Melaka,2.1889,102.2511,31.8,66,0.0,5.1,3,Clouds generally forming or developing
2026-05-23,11:00:00,Pulau Pinang,Butterworth,5.3992,100.3639,31.7,65,0.0,5.4,3,Clouds generally forming or developing
2026-05-23,11:00:00,Sabah,Lahad Datu,5.03,118.34,31.5,62,0.1,4.0,51,"Drizzle, not freezing, continuous 	slight at time of observation"
2026-05-23,11:00:00,Perak,Ipoh,4.6,101.07,33.8,47,0.0,1.5,3,Clouds generally forming or developing
2026-05-23,10:00:00,Pahang,Kuantan,3.8167,103.3333,26.1,96,1.1,11.5,80,"Rain shower(s), slight"
2026-05-23,10:00:00,Melaka,Melaka,2.1889,102.2511,30.9,71,0.0,7.1,95,"Thunderstorm, slight or moderate, without hail** but with rain and/or snow at time of observation - Thunderstorm at time of observation"
2026-05-23,10:00:00,Johor,Batu Pahat,1.85,102.93,30.2,76,0.0,5.6,95,"Thunderstorm, slight or moderate, without hail** but with rain and/or snow at time of observation - Thunderstorm at time of observation"
2026-05-23,10:00:00,Kelantan,Kota Bharu,6.1333,102.25,32.2,60,0.0,0.9,51,"Drizzle, not freezing, continuous 	slight at time of observation"
2026-05-23,10:00:00,Johor,Kluang,2.0336,103.3194,30.0,75,0.0,3.3,95,"Thunderstorm, slight or moderate, without hail** but with rain and/or snow at time of observation - Thunderstorm at time of observation"
2026-05-23,10:00:00,Sarawak,Bintulu,3.17,113.03,29.2,81,0.0,7.3,3,Clouds generally forming or developing
2026-05-23,10:00:00,Johor,Johor Bahru,1.4556,103.7611,30.3,75,0.0,4.4,95,"Thunderstorm, slight or moderate, without hail** but with rain and/or snow at time of observation - Thunderstorm at time of observation"
2026-05-23,10:00:00,Pahang,Kuala Lipis,4.184,102.042,30.0,74,0.0,0.9,3,Clouds generally forming or developing
2026-05-23,10:00:00,Labuan,Labuan,5.2803,115.2475,30.2,69,0.0,12.5,3,Clouds generally forming or developing
2026-05-23,10:00:00,Sabah,Lahad Datu,5.03,118.34,30.8,64,0.0,5.6,3,Clouds generally forming or developing
2026-05-23,10:00:00,Sabah,Kota Kinabalu,5.975,116.0725,29.0,77,0.4,7.9,51,"Drizzle, not freezing, continuous 	slight at time of observation"
2026-05-23,10:00:00,Sabah,Tawau,4.2448,117.8911,30.8,65,0.0,8.4,3,Clouds generally forming or developing
2026-05-23,10:00:00,Sarawak,Sibu,2.3,111.8167,26.8,92,0.0,1.5,51,"Drizzle, not freezing, continuous 	slight at time of observation"
2026-05-23,10:00:00,Pulau Pinang,Butterworth,5.3992,100.3639,30.6,71,0.0,4.4,1,Clouds generally dissolving or becoming less developed
2026-05-23,10:00:00,Perak,Teluk Intan,4.0259,101.0213,30.1,70,0.0,0.8,1,Clouds generally dissolving or becoming less developed
2026-05-23,10:00:00,Pulau Pinang,George Town,5.4145,100.3292,30.7,70,0.0,2.7,0,Cloud development not observed or not observable
2026-05-23,10:00:00,Sabah,Sandakan,5.8388,118.1173,32.2,60,0.0,8.4,3,Clouds generally forming or developing
2026-05-23,10:00:00,Kuala Lumpur,Kuala Lumpur,3.1478,101.6953,31.8,61,0.0,1.3,2,State of sky on the whole unchanged
2026-05-23,10:00:00,Perak,Ipoh,4.6,101.07,32.1,52,0.0,2.0,2,State of sky on the whole unchanged
2026-05-23,10:00:00,Perak,Taiping,4.85,100.7333,31.0,66,0.0,2.5,2,State of sky on the whole unchanged
2026-05-23,10:00:00,Selangor,Klang,3.0333,101.45,31.8,63,0.0,1.9,2,State of sky on the whole unchanged
2026-05-23,10:00:00,Negeri Sembilan,Seremban,2.7297,101.9381,31.2,63,0.0,2.3,3,Clouds generally forming or developing
2026-05-23,10:00:00,Selangor,Shah Alam,3.0833,101.5333,31.6,63,0.0,1.4,2,State of sky on the whole unchanged
2026-05-23,10:00:00,Sarawak,Miri,4.4028,113.9933,29.5,74,0.0,11.0,3,Clouds generally forming or developing
2026-05-23,10:00:00,Kedah,Alor Setar,6.1167,100.3667,30.0,75,0.0,4.3,2,State of sky on the whole unchanged
2026-05-23,10:00:00,Pahang,Raub,3.7931,101.8569,30.5,59,0.0,4.1,2,State of sky on the whole unchanged
2026-05-23,10:00:00,Pulau Pinang,Bukit Mertajam,5.3631,100.4667,30.5,71,0.0,4.4,1,Clouds generally dissolving or becoming less developed
2026-05-23,10:00:00,Perlis,Kangar,6.4333,100.2,30.3,72,0.0,3.8,1,Clouds generally dissolving or becoming less developed
2026-05-23,10:00:00,Selangor,Petaling Jaya,3.1073,101.6067,31.6,62,0.0,1.7,2,State of sky on the whole unchanged
2026-05-23,10:00:00,Terengganu,Kuala Terengganu,5.3303,103.1408,31.2,68,0.0,3.3,3,Clouds generally forming or developing
2026-05-23,10:00:00,Johor,Muar,2.05,102.56,30.9,70,0.0,6.3,1,Clouds generally dissolving or becoming less developed
2026-05-23,10:00:00,Kedah,Sungai Petani,5.65,100.48,30.4,72,0.0,2.7,1,Clouds generally dissolving or becoming less developed
2026-05-23,10:00:00,Putrajaya,Putrajaya,2.93,101.69,30.8,68,0.0,2.0,2,State of sky on the whole unchanged
2026-05-23,09:00:00,Sabah,Kota Kinabalu,5.975,116.0725,28.2,78,0.0,10.1,51,"Drizzle, not freezing, continuous 	slight at time of observation"
2026-05-23,09:00:00,Johor,Kluang,2.0336,103.3194,28.6,82,0.0,3.2,0,Cloud development not observed or not observable
2026-05-23,09:00:00,Sabah,Sandakan,5.8388,118.1173,31.0,64,0.0,9.2,3,Clouds generally forming or developing
2026-05-23,09:00:00,Sabah,Tawau,4.2448,117.8911,29.5,72,0.0,9.6,3,Clouds generally forming or developing
2026-05-23,09:00:00,Kelantan,Kota Bharu,6.1333,102.25,30.5,70,0.0,6.0,3,Clouds generally forming or developing
2026-05-23,09:00:00,Selangor,Klang,3.0333,101.45,30.0,75,0.0,2.1,2,State of sky on the whole unchanged
2026-05-23,09:00:00,Negeri Sembilan,Seremban,2.7297,101.9381,29.5,75,0.0,2.4,3,Clouds generally forming or developing
2026-05-23,09:00:00,Terengganu,Kuala Terengganu,5.3303,103.1408,29.6,77,0.0,2.4,3,Clouds generally forming or developing
2026-05-23,09:00:00,Johor,Johor Bahru,1.4556,103.7611,28.5,88,0.0,2.5,95,"Thunderstorm, slight or moderate, without hail** but with rain and/or snow at time of observation - Thunderstorm at time of observation"
2026-05-23,09:00:00,Sarawak,Bintulu,3.17,113.03,27.8,90,0.0,6.9,3,Clouds generally forming or developing
2026-05-23,09:00:00,Selangor,Petaling Jaya,3.1073,101.6067,29.8,71,0.0,2.6,2,State of sky on the whole unchanged
2026-05-23,09:00:00,Melaka,Melaka,2.1889,102.2511,29.0,81,0.0,8.2,95,"Thunderstorm, slight or moderate, without hail** but with rain and/or snow at time of observation - Thunderstorm at time of observation"
2026-05-23,09:00:00,Pahang,Kuantan,3.8167,103.3333,27.3,92,0.3,2.3,95,"Thunderstorm, slight or moderate, without hail** but with rain and/or snow at time of observation - Thunderstorm at time of observation"
2026-05-23,09:00:00,Selangor,Shah Alam,3.0833,101.5333,29.9,73,0.0,2.7,2,State of sky on the whole unchanged
2026-05-23,09:00:00,Labuan,Labuan,5.2803,115.2475,29.6,73,0.0,12.1,3,Clouds generally forming or developing
2026-05-23,09:00:00,Pahang,Kuala Lipis,4.184,102.042,28.4,82,0.0,1.9,3,Clouds generally forming or developing
2026-05-23,09:00:00,Perak,Teluk Intan,4.0259,101.0213,28.7,77,0.0,1.8,1,Clouds generally dissolving or becoming less developed
2026-05-23,09:00:00,Kedah,Sungai Petani,5.65,100.48,28.4,81,0.0,3.2,1,Clouds generally dissolving or becoming less developed
2026-05-23,09:00:00,Kuala Lumpur,Kuala Lumpur,3.1478,101.6953,29.7,73,0.0,1.8,2,State of sky on the whole unchanged
2026-05-23,09:00:00,Johor,Muar,2.05,102.56,29.1,80,0.0,5.8,95,"Thunderstorm, slight or moderate, without hail** but with rain and/or snow at time of observation - Thunderstorm at time of observation"
2026-05-23,09:00:00,Perak,Ipoh,4.6,101.07,29.9,59,0.0,3.8,1,Clouds generally dissolving or becoming less developed
2026-05-23,09:00:00,Johor,Batu Pahat,1.85,102.93,28.4,86,0.0,4.6,95,"Thunderstorm, slight or moderate, without hail** but with rain and/or snow at time of observation - Thunderstorm at time of observation"
2026-05-23,09:00:00,Kedah,Alor Setar,6.1167,100.3667,27.8,88,0.0,4.0,3,Clouds generally forming or developing
2026-05-23,09:00:00,Putrajaya,Putrajaya,2.93,101.69,29.0,78,0.0,2.3,2,State of sky on the whole unchanged
2026-05-23,09:00:00,Perlis,Kangar,6.4333,100.2,28.6,78,0.0,3.5,2,State of sky on the whole unchanged
2026-05-23,09:00:00,Pahang,Raub,3.7931,101.8569,28.8,67,0.0,1.1,2,State of sky on the whole unchanged
2026-05-23,09:00:00,Pulau Pinang,Bukit Mertajam,5.3631,100.4667,29.4,76,0.0,3.1,1,Clouds generally dissolving or becoming less developed
2026-05-23,09:00:00,Sarawak,Miri,4.4028,113.9933,28.9,77,0.0,9.0,3,Clouds generally forming or developing
2026-05-23,09:00:00,Pulau Pinang,George Town,5.4145,100.3292,29.3,80,0.0,1.4,1,Clouds generally dissolving or becoming less developed
2026-05-23,09:00:00,Sabah,Lahad Datu,5.03,118.34,30.0,67,0.0,7.5,3,Clouds generally forming or developing
2026-05-23,09:00:00,Pulau Pinang,Butterworth,5.3992,100.3639,29.5,76,0.0,3.1,1,Clouds generally dissolving or becoming less developed
2026-05-23,09:00:00,Perak,Taiping,4.85,100.7333,29.4,74,0.0,1.3,1,Clouds generally dissolving or becoming less developed
2026-05-23,09:00:00,Sarawak,Sibu,2.3,111.8167,26.2,94,0.0,2.5,51,"Drizzle, not freezing, continuous 	slight at time of observation"
2026-05-23,08:00:00,Perak,Teluk Intan,4.0259,101.0213,27.5,83,0.0,2.2,1,Clouds generally dissolving or becoming less developed
2026-05-23,08:00:00,Pulau Pinang,Butterworth,5.3992,100.3639,27.4,84,0.0,3.4,1,Clouds generally dissolving or becoming less developed
2026-05-23,08:00:00,Perak,Ipoh,4.6,101.07,27.5,68,0.0,6.0,1,Clouds generally dissolving or becoming less developed
2026-05-23,08:00:00,Melaka,Melaka,2.1889,102.2511,26.8,89,0.1,8.5,51,"Drizzle, not freezing, continuous 	slight at time of observation"
2026-05-23,08:00:00,Johor,Johor Bahru,1.4556,103.7611,25.7,98,0.0,3.3,3,Clouds generally forming or developing
2026-05-23,08:00:00,Terengganu,Kuala Terengganu,5.3303,103.1408,27.2,90,0.0,4.3,3,Clouds generally forming or developing
2026-05-23,08:00:00,Selangor,Petaling Jaya,3.1073,101.6067,28.0,79,0.0,4.0,2,State of sky on the whole unchanged
2026-05-23,08:00:00,Kelantan,Kota Bharu,6.1333,102.25,28.0,85,0.0,7.4,3,Clouds generally forming or developing
2026-05-23,08:00:00,Johor,Muar,2.05,102.56,27.2,87,0.0,6.7,1,Clouds generally dissolving or becoming less developed
2026-05-23,08:00:00,Putrajaya,Putrajaya,2.93,101.69,27.4,84,0.0,5.6,2,State of sky on the whole unchanged
2026-05-23,08:00:00,Kedah,Alor Setar,6.1167,100.3667,25.4,95,0.0,6.2,2,State of sky on the whole unchanged
2026-05-23,08:00:00,Labuan,Labuan,5.2803,115.2475,28.9,78,0.0,13.2,3,Clouds generally forming or developing
2026-05-23,08:00:00,Perlis,Kangar,6.4333,100.2,26.5,87,0.0,3.4,2,State of sky on the whole unchanged
2026-05-23,08:00:00,Pahang,Kuantan,3.8167,103.3333,26.2,96,0.2,1.5,51,"Drizzle, not freezing, continuous 	slight at time of observation"
2026-05-23,08:00:00,Pahang,Raub,3.7931,101.8569,26.5,76,0.0,2.7,2,State of sky on the whole unchanged
2026-05-23,08:00:00,Sabah,Sandakan,5.8388,118.1173,30.0,70,0.0,10.2,3,Clouds generally forming or developing
2026-05-23,08:00:00,Sabah,Kota Kinabalu,5.975,116.0725,28.7,73,0.0,6.3,3,Clouds generally forming or developing
2026-05-23,08:00:00,Kedah,Sungai Petani,5.65,100.48,25.9,89,0.0,5.6,1,Clouds generally dissolving or becoming less developed
2026-05-23,08:00:00,Selangor,Shah Alam,3.0833,101.5333,28.0,83,0.0,4.7,2,State of sky on the whole unchanged
2026-05-23,08:00:00,Perak,Taiping,4.85,100.7333,26.0,85,0.0,1.8,1,Clouds generally dissolving or becoming less developed
2026-05-23,08:00:00,Pulau Pinang,Bukit Mertajam,5.3631,100.4667,27.4,84,0.0,3.4,1,Clouds generally dissolving or becoming less developed
2026-05-23,08:00:00,Negeri Sembilan,Seremban,2.7297,101.9381,27.2,82,0.0,6.0,2,State of sky on the whole unchanged
2026-05-23,08:00:00,Pahang,Kuala Lipis,4.184,102.042,26.5,91,0.0,4.0,3,Clouds generally forming or developing
2026-05-23,08:00:00,Johor,Batu Pahat,1.85,102.93,26.4,93,0.0,5.4,3,Clouds generally forming or developing
2026-05-23,08:00:00,Sarawak,Bintulu,3.17,113.03,26.4,95,0.0,7.2,3,Clouds generally forming or developing
2026-05-23,08:00:00,Sarawak,Sibu,2.3,111.8167,25.8,95,0.0,4.7,3,Clouds generally forming or developing
2026-05-23,08:00:00,Pulau Pinang,George Town,5.4145,100.3292,27.6,91,0.0,3.6,1,Clouds generally dissolving or becoming less developed
2026-05-23,08:00:00,Sabah,Tawau,4.2448,117.8911,28.3,79,0.0,8.8,3,Clouds generally forming or developing
2026-05-23,08:00:00,Selangor,Klang,3.0333,101.45,27.6,87,0.0,4.9,2,State of sky on the whole unchanged
2026-05-23,08:00:00,Johor,Kluang,2.0336,103.3194,26.5,93,0.0,3.3,3,Clouds generally forming or developing
2026-05-23,08:00:00,Sarawak,Miri,4.4028,113.9933,27.5,83,0.0,7.4,3,Clouds generally forming or developing
2026-05-23,08:00:00,Kuala Lumpur,Kuala Lumpur,3.1478,101.6953,27.2,86,0.0,3.5,2,State of sky on the whole unchanged
2026-05-23,08:00:00,Sabah,Lahad Datu,5.03,118.34,29.1,75,0.0,5.9,3,Clouds generally forming or developing
2026-05-23,07:00:00,Sabah,Kota Kinabalu,5.975,116.0725,27.1,77,0.0,5.1,3,Clouds generally forming or developing
2026-05-23,07:00:00,Putrajaya,Putrajaya,2.93,101.69,26.5,84,0.0,5.0,2,State of sky on the whole unchanged
2026-05-23,07:00:00,Sabah,Lahad Datu,5.03,118.34,27.0,87,0.0,4.5,3,Clouds generally forming or developing
2026-05-23,07:00:00,Labuan,Labuan,5.2803,115.2475,28.2,78,0.0,14.6,3,Clouds generally forming or developing
2026-05-23,07:00:00,Sarawak,Sibu,2.3,111.8167,24.5,97,0.0,5.0,3,Clouds generally forming or developing
2026-05-23,07:00:00,Perak,Ipoh,4.6,101.07,25.8,73,0.0,5.6,2,State of sky on the whole unchanged
2026-05-23,07:00:00,Kelantan,Kota Bharu,6.1333,102.25,26.5,92,0.0,6.4,2,State of sky on the whole unchanged
2026-05-23,07:00:00,Johor,Muar,2.05,102.56,26.5,88,0.0,8.8,1,Clouds generally dissolving or becoming less developed
2026-05-23,07:00:00,Johor,Johor Bahru,1.4556,103.7611,24.0,100,0.0,4.7,3,Clouds generally forming or developing
2026-05-23,07:00:00,Melaka,Melaka,2.1889,102.2511,25.9,89,0.1,10.1,51,"Drizzle, not freezing, continuous 	slight at time of observation"
2026-05-23,07:00:00,Perak,Teluk Intan,4.0259,101.0213,26.0,91,0.0,3.4,0,Cloud development not observed or not observable
2026-05-23,07:00:00,Pahang,Raub,3.7931,101.8569,24.0,81,0.0,2.2,3,Clouds generally forming or developing
2026-05-23,07:00:00,Sabah,Sandakan,5.8388,118.1173,27.2,82,0.0,9.3,3,Clouds generally forming or developing
2026-05-23,07:00:00,Selangor,Shah Alam,3.0833,101.5333,26.9,86,0.0,4.3,2,State of sky on the whole unchanged
2026-05-23,07:00:00,Sarawak,Bintulu,3.17,113.03,25.3,98,0.1,5.3,51,"Drizzle, not freezing, continuous 	slight at time of observation"
2026-05-23,07:00:00,Pahang,Kuala Lipis,4.184,102.042,24.6,98,0.0,3.0,3,Clouds generally forming or developing
2026-05-23,07:00:00,Pulau Pinang,George Town,5.4145,100.3292,26.9,94,0.0,2.3,95,"Thunderstorm, slight or moderate, without hail** but with rain and/or snow at time of observation - Thunderstorm at time of observation"
2026-05-23,07:00:00,Pulau Pinang,Butterworth,5.3992,100.3639,26.1,89,0.0,4.0,1,Clouds generally dissolving or becoming less developed
2026-05-23,07:00:00,Pulau Pinang,Bukit Mertajam,5.3631,100.4667,26.0,89,0.0,4.0,1,Clouds generally dissolving or becoming less developed
2026-05-23,07:00:00,Perlis,Kangar,6.4333,100.2,25.1,92,0.0,3.6,3,Clouds generally forming or developing
2026-05-23,07:00:00,Kedah,Sungai Petani,5.65,100.48,24.6,96,0.0,5.1,1,Clouds generally dissolving or becoming less developed
2026-05-23,07:00:00,Negeri Sembilan,Seremban,2.7297,101.9381,26.2,86,0.0,6.4,1,Clouds generally dissolving or becoming less developed
2026-05-23,07:00:00,Johor,Kluang,2.0336,103.3194,24.6,96,0.0,7.6,2,State of sky on the whole unchanged
2026-05-23,07:00:00,Kuala Lumpur,Kuala Lumpur,3.1478,101.6953,25.6,89,0.0,1.9,3,Clouds generally forming or developing
2026-05-23,07:00:00,Sarawak,Miri,4.4028,113.9933,25.4,88,0.0,7.4,3,Clouds generally forming or developing
2026-05-23,07:00:00,Sabah,Tawau,4.2448,117.8911,26.5,84,0.0,11.7,3,Clouds generally forming or developing
2026-05-23,07:00:00,Kedah,Alor Setar,6.1167,100.3667,24.2,99,0.0,4.8,3,Clouds generally forming or developing
2026-05-23,07:00:00,Terengganu,Kuala Terengganu,5.3303,103.1408,25.2,99,0.0,5.1,3,Clouds generally forming or developing
2026-05-23,07:00:00,Pahang,Kuantan,3.8167,103.3333,25.6,97,0.3,4.0,51,"Drizzle, not freezing, continuous 	slight at time of observation"
2026-05-23,07:00:00,Selangor,Petaling Jaya,3.1073,101.6067,26.3,85,0.0,2.7,3,Clouds generally forming or developing
2026-05-23,07:00:00,Johor,Batu Pahat,1.85,102.93,24.9,97,0.0,6.7,1,Clouds generally dissolving or becoming less developed
2026-05-23,07:00:00,Perak,Taiping,4.85,100.7333,25.6,78,0.0,2.7,1,Clouds generally dissolving or becoming less developed
2026-05-23,07:00:00,Selangor,Klang,3.0333,101.45,26.4,90,0.0,4.2,3,Clouds generally forming or developing
2026-05-23,06:00:00,Johor,Johor Bahru,1.4556,103.7611,24.1,99,0.0,3.8,3,Clouds generally forming or developing
2026-05-23,06:00:00,Sarawak,Bintulu,3.17,113.03,25.1,98,0.1,6.6,51,"Drizzle, not freezing, continuous 	slight at time of observation"
2026-05-23,06:00:00,Perak,Teluk Intan,4.0259,101.0213,26.2,91,0.0,3.9,1,Clouds generally dissolving or becoming less developed
2026-05-23,06:00:00,Pulau Pinang,Bukit Mertajam,5.3631,100.4667,26.3,89,0.0,4.2,2,State of sky on the whole unchanged
2026-05-23,06:00:00,Negeri Sembilan,Seremban,2.7297,101.9381,26.5,86,0.0,6.0,3,Clouds generally forming or developing
2026-05-23,06:00:00,Sabah,Kota Kinabalu,5.975,116.0725,25.8,80,0.0,5.1,3,Clouds generally forming or developing
2026-05-23,06:00:00,Selangor,Klang,3.0333,101.45,26.5,90,0.0,5.0,2,State of sky on the whole unchanged
2026-05-23,06:00:00,Melaka,Melaka,2.1889,102.2511,25.9,89,0.0,8.2,2,State of sky on the whole unchanged
2026-05-23,06:00:00,Sabah,Lahad Datu,5.03,118.34,25.4,91,0.0,4.5,3,Clouds generally forming or developing
2026-05-23,06:00:00,Sabah,Sandakan,5.8388,118.1173,26.2,87,0.0,9.0,3,Clouds generally forming or developing
2026-05-23,06:00:00,Kelantan,Kota Bharu,6.1333,102.25,26.6,91,0.0,7.2,3,Clouds generally forming or developing
2026-05-23,06:00:00,Kuala Lumpur,Kuala Lumpur,3.1478,101.6953,25.8,88,0.0,2.7,3,Clouds generally forming or developing
2026-05-23,06:00:00,Johor,Muar,2.05,102.56,26.6,88,0.0,8.7,1,Clouds generally dissolving or becoming less developed
2026-05-23,06:00:00,Pahang,Kuala Lipis,4.184,102.042,24.9,96,0.0,1.8,3,Clouds generally forming or developing
2026-05-23,06:00:00,Putrajaya,Putrajaya,2.93,101.69,26.6,87,0.0,5.2,2,State of sky on the whole unchanged
2026-05-23,06:00:00,Pulau Pinang,Butterworth,5.3992,100.3639,26.4,89,0.0,4.2,2,State of sky on the whole unchanged
2026-05-23,06:00:00,Pulau Pinang,George Town,5.4145,100.3292,27.2,90,0.0,1.1,2,State of sky on the whole unchanged
2026-05-23,06:00:00,Sarawak,Miri,4.4028,113.9933,24.8,90,0.0,7.4,3,Clouds generally forming or developing
2026-05-23,06:00:00,Selangor,Petaling Jaya,3.1073,101.6067,26.5,85,0.0,3.2,3,Clouds generally forming or developing
2026-05-23,06:00:00,Terengganu,Kuala Terengganu,5.3303,103.1408,25.3,98,0.0,4.1,3,Clouds generally forming or developing
2026-05-23,06:00:00,Kedah,Alor Setar,6.1167,100.3667,24.6,98,0.0,4.6,3,Clouds generally forming or developing
2026-05-23,06:00:00,Sabah,Tawau,4.2448,117.8911,25.6,88,0.0,10.0,3,Clouds generally forming or developing
2026-05-23,06:00:00,Perak,Taiping,4.85,100.7333,25.9,76,0.0,4.6,1,Clouds generally dissolving or becoming less developed
2026-05-23,06:00:00,Johor,Batu Pahat,1.85,102.93,25.0,96,0.0,5.6,1,Clouds generally dissolving or becoming less developed
2026-05-23,06:00:00,Sarawak,Sibu,2.3,111.8167,24.2,98,0.0,4.5,3,Clouds generally forming or developing
2026-05-23,06:00:00,Perlis,Kangar,6.4333,100.2,25.2,91,0.0,3.6,2,State of sky on the whole unchanged
2026-05-23,06:00:00,Pahang,Raub,3.7931,101.8569,24.3,80,0.0,2.0,3,Clouds generally forming or developing
2026-05-23,06:00:00,Labuan,Labuan,5.2803,115.2475,27.9,77,0.0,14.8,3,Clouds generally forming or developing
2026-05-23,06:00:00,Selangor,Shah Alam,3.0833,101.5333,27.1,86,0.0,4.5,3,Clouds generally forming or developing
2026-05-23,06:00:00,Johor,Kluang,2.0336,103.3194,24.9,96,0.0,2.6,3,Clouds generally forming or developing
2026-05-23,06:00:00,Kedah,Sungai Petani,5.65,100.48,24.9,96,0.0,5.4,1,Clouds generally dissolving or becoming less developed
2026-05-23,06:00:00,Pahang,Kuantan,3.8167,103.3333,25.8,95,1.2,2.0,55,"Drizzle, not freezing, continuous heavy (dense) at time of observation"
2026-05-23,06:00:00,Perak,Ipoh,4.6,101.07,26.4,72,0.0,5.1,3,Clouds generally forming or developing
2026-05-23,05:00:00,Terengganu,Kuala Terengganu,5.3303,103.1408,25.6,97,0.0,3.0,2,State of sky on the whole unchanged
2026-05-23,05:00:00,Johor,Johor Bahru,1.4556,103.7611,24.1,100,0.0,2.5,3,Clouds generally forming or developing
2026-05-23,05:00:00,Kedah,Sungai Petani,5.65,100.48,25.4,95,0.0,3.2,2,State of sky on the whole unchanged
2026-05-23,05:00:00,Kelantan,Kota Bharu,6.1333,102.25,26.9,88,0.0,6.2,3,Clouds generally forming or developing
2026-05-23,05:00:00,Sarawak,Miri,4.4028,113.9933,25.0,91,0.0,9.7,3,Clouds generally forming or developing
2026-05-23,05:00:00,Negeri Sembilan,Seremban,2.7297,101.9381,27.0,83,0.0,4.4,2,State of sky on the whole unchanged
2026-05-23,05:00:00,Pulau Pinang,Bukit Mertajam,5.3631,100.4667,26.6,87,0.0,3.5,2,State of sky on the whole unchanged
2026-05-23,05:00:00,Perak,Ipoh,4.6,101.07,26.8,72,0.0,5.6,3,Clouds generally forming or developing
2026-05-23,05:00:00,Perak,Teluk Intan,4.0259,101.0213,26.5,91,0.0,3.8,3,Clouds generally forming or developing
2026-05-23,05:00:00,Sarawak,Bintulu,3.17,113.03,25.1,98,0.4,8.1,51,"Drizzle, not freezing, continuous 	slight at time of observation"
2026-05-23,05:00:00,Melaka,Melaka,2.1889,102.2511,26.2,87,0.0,7.3,3,Clouds generally forming or developing
2026-05-23,05:00:00,Kedah,Alor Setar,6.1167,100.3667,25.0,96,0.0,3.9,3,Clouds generally forming or developing
2026-05-23,05:00:00,Pulau Pinang,Butterworth,5.3992,100.3639,26.7,87,0.0,3.5,2,State of sky on the whole unchanged
2026-05-23,05:00:00,Selangor,Shah Alam,3.0833,101.5333,27.2,86,0.0,4.1,1,Clouds generally dissolving or becoming less developed
2026-05-23,05:00:00,Johor,Kluang,2.0336,103.3194,24.9,96,0.0,2.3,1,Clouds generally dissolving or becoming less developed
2026-05-23,05:00:00,Sarawak,Sibu,2.3,111.8167,24.2,98,0.0,3.2,3,Clouds generally forming or developing
2026-05-23,05:00:00,Perlis,Kangar,6.4333,100.2,25.6,90,0.0,3.4,3,Clouds generally forming or developing
2026-05-23,05:00:00,Selangor,Petaling Jaya,3.1073,101.6067,26.8,86,0.0,3.6,2,State of sky on the whole unchanged
2026-05-23,05:00:00,Johor,Muar,2.05,102.56,26.8,86,0.0,7.6,2,State of sky on the whole unchanged
2026-05-23,05:00:00,Putrajaya,Putrajaya,2.93,101.69,26.8,89,0.0,5.1,2,State of sky on the whole unchanged
2026-05-23,05:00:00,Sabah,Tawau,4.2448,117.8911,25.6,88,0.0,7.5,3,Clouds generally forming or developing
2026-05-23,05:00:00,Labuan,Labuan,5.2803,115.2475,28.0,78,0.0,13.9,3,Clouds generally forming or developing
2026-05-23,05:00:00,Kuala Lumpur,Kuala Lumpur,3.1478,101.6953,26.0,88,0.0,3.5,3,Clouds generally forming or developing
2026-05-23,05:00:00,Pulau Pinang,George Town,5.4145,100.3292,27.2,91,0.0,1.8,1,Clouds generally dissolving or becoming less developed
2026-05-23,05:00:00,Perak,Taiping,4.85,100.7333,26.2,74,0.0,5.0,2,State of sky on the whole unchanged
2026-05-23,05:00:00,Johor,Batu Pahat,1.85,102.93,25.2,94,0.0,5.2,1,Clouds generally dissolving or becoming less developed
2026-05-23,05:00:00,Pahang,Kuala Lipis,4.184,102.042,25.4,94,0.0,2.3,3,Clouds generally forming or developing
2026-05-23,05:00:00,Selangor,Klang,3.0333,101.45,26.6,88,0.0,5.1,1,Clouds generally dissolving or becoming less developed
2026-05-23,05:00:00,Pahang,Raub,3.7931,101.8569,24.8,77,0.0,1.8,2,State of sky on the whole unchanged
2026-05-23,05:00:00,Sabah,Sandakan,5.8388,118.1173,26.4,87,0.0,10.2,3,Clouds generally forming or developing
2026-05-23,05:00:00,Sabah,Lahad Datu,5.03,118.34,25.3,92,0.0,3.8,3,Clouds generally forming or developing
2026-05-23,05:00:00,Sabah,Kota Kinabalu,5.975,116.0725,25.6,81,0.0,6.0,3,Clouds generally forming or developing
2026-05-23,05:00:00,Pahang,Kuantan,3.8167,103.3333,25.4,96,1.6,5.0,80,"Rain shower(s), slight"
2026-05-23,04:00:00,Pahang,Kuala Lipis,4.184,102.042,26.1,88,0.0,0.7,2,State of sky on the whole unchanged
2026-05-23,04:00:00,Johor,Muar,2.05,102.56,26.9,85,0.0,6.0,3,Clouds generally forming or developing
2026-05-23,04:00:00,Johor,Kluang,2.0336,103.3194,24.9,96,0.0,2.2,1,Clouds generally dissolving or becoming less developed
2026-05-23,04:00:00,Pulau Pinang,Bukit Mertajam,5.3631,100.4667,26.9,86,0.0,3.7,3,Clouds generally forming or developing
2026-05-23,04:00:00,Kuala Lumpur,Kuala Lumpur,3.1478,101.6953,26.4,89,0.0,3.8,1,Clouds generally dissolving or becoming less developed
2026-05-23,04:00:00,Putrajaya,Putrajaya,2.93,101.69,26.7,91,0.0,4.0,1,Clouds generally dissolving or becoming less developed
2026-05-23,04:00:00,Pahang,Raub,3.7931,101.8569,25.1,77,0.0,0.5,1,Clouds generally dissolving or becoming less developed
2026-05-23,04:00:00,Sabah,Lahad Datu,5.03,118.34,25.1,93,0.0,3.5,3,Clouds generally forming or developing
2026-05-23,04:00:00,Sarawak,Bintulu,3.17,113.03,25.3,97,0.1,7.7,51,"Drizzle, not freezing, continuous 	slight at time of observation"
2026-05-23,04:00:00,Sabah,Tawau,4.2448,117.8911,25.7,90,0.0,10.3,2,State of sky on the whole unchanged
2026-05-23,04:00:00,Pulau Pinang,Butterworth,5.3992,100.3639,27.0,86,0.0,3.7,3,Clouds generally forming or developing
2026-05-23,04:00:00,Kedah,Alor Setar,6.1167,100.3667,25.2,96,0.0,4.3,3,Clouds generally forming or developing
2026-05-23,04:00:00,Selangor,Klang,3.0333,101.45,27.2,84,0.0,2.8,1,Clouds generally dissolving or becoming less developed
2026-05-23,04:00:00,Melaka,Melaka,2.1889,102.2511,26.4,85,0.0,7.8,2,State of sky on the whole unchanged
2026-05-23,04:00:00,Sabah,Sandakan,5.8388,118.1173,26.6,85,0.0,9.9,3,Clouds generally forming or developing
2026-05-23,04:00:00,Kelantan,Kota Bharu,6.1333,102.25,27.1,85,0.0,4.9,2,State of sky on the whole unchanged
2026-05-23,04:00:00,Sarawak,Sibu,2.3,111.8167,24.2,98,0.0,3.3,3,Clouds generally forming or developing
2026-05-23,04:00:00,Perlis,Kangar,6.4333,100.2,25.7,90,0.0,4.0,3,Clouds generally forming or developing
2026-05-23,04:00:00,Terengganu,Kuala Terengganu,5.3303,103.1408,25.8,96,0.0,2.9,3,Clouds generally forming or developing
2026-05-23,04:00:00,Kedah,Sungai Petani,5.65,100.48,25.5,94,0.0,1.4,3,Clouds generally forming or developing
2026-05-23,04:00:00,Labuan,Labuan,5.2803,115.2475,27.9,80,0.0,11.8,3,Clouds generally forming or developing
2026-05-23,04:00:00,Selangor,Shah Alam,3.0833,101.5333,27.7,82,0.0,2.8,1,Clouds generally dissolving or becoming less developed
2026-05-23,04:00:00,Perak,Ipoh,4.6,101.07,26.9,73,0.0,6.3,2,State of sky on the whole unchanged
2026-05-23,04:00:00,Pahang,Kuantan,3.8167,103.3333,25.5,95,0.1,8.1,81,"Rain shower(s), moderate or heavy"
2026-05-23,04:00:00,Perak,Taiping,4.85,100.7333,26.5,73,0.0,4.1,3,Clouds generally forming or developing
2026-05-23,04:00:00,Selangor,Petaling Jaya,3.1073,101.6067,27.1,87,0.0,3.2,1,Clouds generally dissolving or becoming less developed
2026-05-23,04:00:00,Johor,Johor Bahru,1.4556,103.7611,24.3,99,0.0,2.4,2,State of sky on the whole unchanged
2026-05-23,04:00:00,Sabah,Kota Kinabalu,5.975,116.0725,25.5,81,0.0,4.6,3,Clouds generally forming or developing
2026-05-23,04:00:00,Perak,Teluk Intan,4.0259,101.0213,26.8,89,0.0,3.6,1,Clouds generally dissolving or becoming less developed
2026-05-23,04:00:00,Johor,Batu Pahat,1.85,102.93,25.5,92,0.0,3.6,1,Clouds generally dissolving or becoming less developed
2026-05-23,04:00:00,Pulau Pinang,George Town,5.4145,100.3292,27.1,91,0.0,1.8,3,Clouds generally forming or developing
2026-05-23,04:00:00,Negeri Sembilan,Seremban,2.7297,101.9381,27.5,81,0.0,1.9,2,State of sky on the whole unchanged
2026-05-23,04:00:00,Sarawak,Miri,4.4028,113.9933,25.1,91,0.0,9.8,3,Clouds generally forming or developing
2026-05-23,03:00:00,Kelantan,Kota Bharu,6.1333,102.25,27.2,85,0.0,6.3,2,State of sky on the whole unchanged
2026-05-23,03:00:00,Kedah,Sungai Petani,5.65,100.48,25.7,93,0.0,1.5,3,Clouds generally forming or developing
2026-05-23,03:00:00,Kedah,Alor Setar,6.1167,100.3667,25.4,96,0.0,4.7,3,Clouds generally forming or developing
2026-05-23,03:00:00,Pulau Pinang,Bukit Mertajam,5.3631,100.4667,27.0,87,0.0,3.8,3,Clouds generally forming or developing
2026-05-23,03:00:00,Selangor,Petaling Jaya,3.1073,101.6067,27.6,85,0.0,2.9,1,Clouds generally dissolving or becoming less developed
2026-05-23,03:00:00,Selangor,Shah Alam,3.0833,101.5333,28.1,80,0.0,2.3,2,State of sky on the whole unchanged
2026-05-23,03:00:00,Labuan,Labuan,5.2803,115.2475,27.9,80,0.0,11.8,3,Clouds generally forming or developing
2026-05-23,03:00:00,Sabah,Tawau,4.2448,117.8911,25.7,92,0.0,9.3,2,State of sky on the whole unchanged
2026-05-23,03:00:00,Melaka,Melaka,2.1889,102.2511,26.8,85,0.0,8.6,1,Clouds generally dissolving or becoming less developed
2026-05-23,03:00:00,Sabah,Lahad Datu,5.03,118.34,25.2,94,0.0,3.2,3,Clouds generally forming or developing
2026-05-23,03:00:00,Terengganu,Kuala Terengganu,5.3303,103.1408,26.0,95,0.0,2.8,3,Clouds generally forming or developing
2026-05-23,03:00:00,Johor,Batu Pahat,1.85,102.93,26.0,88,0.0,3.9,2,State of sky on the whole unchanged
2026-05-23,03:00:00,Perlis,Kangar,6.4333,100.2,25.9,89,0.0,4.3,3,Clouds generally forming or developing
2026-05-23,03:00:00,Johor,Johor Bahru,1.4556,103.7611,24.6,97,0.0,2.5,1,Clouds generally dissolving or becoming less developed
2026-05-23,03:00:00,Sarawak,Sibu,2.3,111.8167,24.4,98,0.0,6.8,3,Clouds generally forming or developing
2026-05-23,03:00:00,Perak,Teluk Intan,4.0259,101.0213,27.4,84,0.0,0.4,1,Clouds generally dissolving or becoming less developed
2026-05-23,03:00:00,Johor,Muar,2.05,102.56,27.0,83,0.0,7.5,2,State of sky on the whole unchanged
2026-05-23,03:00:00,Negeri Sembilan,Seremban,2.7297,101.9381,27.5,84,0.0,2.7,1,Clouds generally dissolving or becoming less developed
2026-05-23,03:00:00,Perak,Taiping,4.85,100.7333,26.5,75,0.0,4.2,3,Clouds generally forming or developing
2026-05-23,03:00:00,Sabah,Kota Kinabalu,5.975,116.0725,25.5,82,0.0,4.8,3,Clouds generally forming or developing
2026-05-23,03:00:00,Johor,Kluang,2.0336,103.3194,25.5,93,0.0,3.1,0,Cloud development not observed or not observable
2026-05-23,03:00:00,Pahang,Kuantan,3.8167,103.3333,26.1,93,0.3,3.1,51,"Drizzle, not freezing, continuous 	slight at time of observation"
2026-05-23,03:00:00,Selangor,Klang,3.0333,101.45,27.5,85,0.0,2.0,2,State of sky on the whole unchanged
2026-05-23,03:00:00,Sarawak,Miri,4.4028,113.9933,25.2,91,0.0,11.3,3,Clouds generally forming or developing
2026-05-23,03:00:00,Putrajaya,Putrajaya,2.93,101.69,27.1,88,0.0,3.2,1,Clouds generally dissolving or becoming less developed
2026-05-23,03:00:00,Sarawak,Bintulu,3.17,113.03,25.7,96,0.1,6.1,51,"Drizzle, not freezing, continuous 	slight at time of observation"
2026-05-23,03:00:00,Pahang,Kuala Lipis,4.184,102.042,26.8,84,0.0,0.4,3,Clouds generally forming or developing
2026-05-23,03:00:00,Pulau Pinang,Butterworth,5.3992,100.3639,27.1,87,0.0,3.8,3,Clouds generally forming or developing
2026-05-23,03:00:00,Sabah,Sandakan,5.8388,118.1173,26.7,85,0.0,11.0,3,Clouds generally forming or developing
2026-05-23,03:00:00,Pulau Pinang,George Town,5.4145,100.3292,27.3,91,0.0,0.5,3,Clouds generally forming or developing
2026-05-23,03:00:00,Perak,Ipoh,4.6,101.07,27.2,72,0.0,3.8,2,State of sky on the whole unchanged
2026-05-23,03:00:00,Pahang,Raub,3.7931,101.8569,25.5,76,0.0,0.5,2,State of sky on the whole unchanged
2026-05-23,03:00:00,Kuala Lumpur,Kuala Lumpur,3.1478,101.6953,26.6,91,0.0,4.6,1,Clouds generally dissolving or becoming less developed
2026-05-23,02:00:00,Negeri Sembilan,Seremban,2.7297,101.9381,28.0,84,0.0,2.2,2,State of sky on the whole unchanged
2026-05-23,02:00:00,Perak,Ipoh,4.6,101.07,27.6,70,0.0,2.9,2,State of sky on the whole unchanged
2026-05-23,02:00:00,Selangor,Shah Alam,3.0833,101.5333,28.3,79,0.0,3.5,2,State of sky on the whole unchanged
2026-05-23,02:00:00,Selangor,Klang,3.0333,101.45,27.7,84,0.0,3.8,2,State of sky on the whole unchanged
2026-05-23,02:00:00,Johor,Muar,2.05,102.56,27.5,79,0.0,8.6,2,State of sky on the whole unchanged
2026-05-23,02:00:00,Selangor,Petaling Jaya,3.1073,101.6067,28.4,82,0.0,1.0,2,State of sky on the whole unchanged
2026-05-23,02:00:00,Kuala Lumpur,Kuala Lumpur,3.1478,101.6953,27.5,90,0.0,1.6,1,Clouds generally dissolving or becoming less developed
2026-05-23,02:00:00,Perak,Teluk Intan,4.0259,101.0213,27.4,84,0.0,0.9,0,Cloud development not observed or not observable
2026-05-23,02:00:00,Pulau Pinang,Bukit Mertajam,5.3631,100.4667,27.5,85,0.0,3.1,3,Clouds generally forming or developing
2026-05-23,02:00:00,Pulau Pinang,Butterworth,5.3992,100.3639,27.5,85,0.0,3.1,3,Clouds generally forming or developing
2026-05-23,02:00:00,Sabah,Lahad Datu,5.03,118.34,25.3,94,0.0,2.4,3,Clouds generally forming or developing
2026-05-23,02:00:00,Pahang,Kuantan,3.8167,103.3333,26.2,92,0.0,5.6,3,Clouds generally forming or developing
2026-05-23,02:00:00,Perak,Taiping,4.85,100.7333,26.6,76,0.0,4.1,3,Clouds generally forming or developing
2026-05-23,02:00:00,Sabah,Sandakan,5.8388,118.1173,27.0,87,0.0,10.9,3,Clouds generally forming or developing
2026-05-23,02:00:00,Pulau Pinang,George Town,5.4145,100.3292,27.5,92,0.0,0.6,3,Clouds generally forming or developing
2026-05-23,02:00:00,Johor,Johor Bahru,1.4556,103.7611,25.2,96,0.0,2.5,3,Clouds generally forming or developing
2026-05-23,02:00:00,Labuan,Labuan,5.2803,115.2475,27.8,83,0.0,10.4,3,Clouds generally forming or developing
2026-05-23,02:00:00,Melaka,Melaka,2.1889,102.2511,27.2,87,0.1,6.1,51,"Drizzle, not freezing, continuous 	slight at time of observation"
2026-05-23,02:00:00,Sabah,Kota Kinabalu,5.975,116.0725,25.6,83,0.0,5.4,3,Clouds generally forming or developing
2026-05-23,02:00:00,Kedah,Sungai Petani,5.65,100.48,25.7,94,0.0,1.2,3,Clouds generally forming or developing
2026-05-23,02:00:00,Kedah,Alor Setar,6.1167,100.3667,25.7,94,0.0,4.1,3,Clouds generally forming or developing
2026-05-23,02:00:00,Kelantan,Kota Bharu,6.1333,102.25,27.4,89,0.0,7.3,1,Clouds generally dissolving or becoming less developed
2026-05-23,02:00:00,Terengganu,Kuala Terengganu,5.3303,103.1408,26.3,94,0.0,2.2,3,Clouds generally forming or developing
2026-05-23,02:00:00,Pahang,Kuala Lipis,4.184,102.042,27.1,83,0.0,0.9,3,Clouds generally forming or developing
2026-05-23,02:00:00,Johor,Kluang,2.0336,103.3194,26.0,90,0.0,3.5,3,Clouds generally forming or developing
2026-05-23,02:00:00,Sarawak,Bintulu,3.17,113.03,25.9,95,0.0,5.8,3,Clouds generally forming or developing
2026-05-23,02:00:00,Sarawak,Sibu,2.3,111.8167,24.8,98,0.0,6.7,3,Clouds generally forming or developing
2026-05-23,02:00:00,Sarawak,Miri,4.4028,113.9933,25.5,91,0.0,12.1,3,Clouds generally forming or developing
2026-05-23,02:00:00,Sabah,Tawau,4.2448,117.8911,25.8,94,0.0,8.2,3,Clouds generally forming or developing
2026-05-23,02:00:00,Johor,Batu Pahat,1.85,102.93,26.4,85,0.0,4.6,51,"Drizzle, not freezing, continuous 	slight at time of observation"
2026-05-23,02:00:00,Pahang,Raub,3.7931,101.8569,26.0,75,0.0,1.5,2,State of sky on the whole unchanged
2026-05-23,02:00:00,Perlis,Kangar,6.4333,100.2,26.2,86,0.0,4.6,2,State of sky on the whole unchanged
2026-05-23,02:00:00,Putrajaya,Putrajaya,2.93,101.69,27.9,86,0.0,2.9,2,State of sky on the whole unchanged
2026-05-23,01:00:00,Sabah,Sandakan,5.8388,118.1173,27.2,88,0.0,9.7,3,Clouds generally forming or developing
2026-05-23,01:00:00,Johor,Johor Bahru,1.4556,103.7611,26.0,93,0.0,2.8,2,State of sky on the whole unchanged
2026-05-23,01:00:00,Negeri Sembilan,Seremban,2.7297,101.9381,27.3,88,0.0,2.1,3,Clouds generally forming or developing
2026-05-23,01:00:00,Pahang,Kuala Lipis,4.184,102.042,26.9,82,0.0,0.9,3,Clouds generally forming or developing
2026-05-23,01:00:00,Kedah,Sungai Petani,5.65,100.48,26.0,94,0.0,4.6,3,Clouds generally forming or developing
2026-05-23,01:00:00,Pahang,Kuantan,3.8167,103.3333,26.5,91,0.0,5.3,2,State of sky on the whole unchanged
2026-05-23,01:00:00,Labuan,Labuan,5.2803,115.2475,27.8,83,0.0,10.7,3,Clouds generally forming or developing
2026-05-23,01:00:00,Putrajaya,Putrajaya,2.93,101.69,27.8,86,0.0,2.5,3,Clouds generally forming or developing
2026-05-23,01:00:00,Sarawak,Bintulu,3.17,113.03,25.7,96,0.0,4.3,3,Clouds generally forming or developing
2026-05-23,01:00:00,Sarawak,Sibu,2.3,111.8167,25.0,99,0.0,5.9,3,Clouds generally forming or developing
2026-05-23,01:00:00,Perak,Taiping,4.85,100.7333,26.9,78,0.0,2.3,3,Clouds generally forming or developing
2026-05-23,01:00:00,Sabah,Tawau,4.2448,117.8911,26.6,91,0.0,7.2,3,Clouds generally forming or developing
2026-05-23,01:00:00,Sarawak,Miri,4.4028,113.9933,25.8,90,0.0,11.1,3,Clouds generally forming or developing
2026-05-23,01:00:00,Melaka,Melaka,2.1889,102.2511,27.2,86,0.0,4.1,3,Clouds generally forming or developing
2026-05-23,01:00:00,Sabah,Kota Kinabalu,5.975,116.0725,25.7,81,0.0,4.5,3,Clouds generally forming or developing
2026-05-23,01:00:00,Pulau Pinang,George Town,5.4145,100.3292,28.1,88,0.0,1.1,3,Clouds generally forming or developing
2026-05-23,01:00:00,Pahang,Raub,3.7931,101.8569,25.8,75,0.0,3.1,2,State of sky on the whole unchanged
2026-05-23,01:00:00,Johor,Batu Pahat,1.85,102.93,26.2,86,0.0,6.8,51,"Drizzle, not freezing, continuous 	slight at time of observation"
2026-05-23,01:00:00,Sabah,Lahad Datu,5.03,118.34,25.7,94,0.0,1.5,2,State of sky on the whole unchanged
2026-05-23,01:00:00,Pulau Pinang,Bukit Mertajam,5.3631,100.4667,27.9,84,0.0,2.6,3,Clouds generally forming or developing
2026-05-23,01:00:00,Perlis,Kangar,6.4333,100.2,26.5,81,0.0,5.5,1,Clouds generally dissolving or becoming less developed
2026-05-23,01:00:00,Selangor,Klang,3.0333,101.45,27.7,85,0.0,4.2,3,Clouds generally forming or developing
2026-05-23,01:00:00,Kedah,Alor Setar,6.1167,100.3667,26.1,90,0.0,4.6,2,State of sky on the whole unchanged
2026-05-23,01:00:00,Perak,Ipoh,4.6,101.07,28.1,68,0.0,2.1,3,Clouds generally forming or developing
2026-05-23,01:00:00,Pulau Pinang,Butterworth,5.3992,100.3639,27.9,84,0.0,2.6,3,Clouds generally forming or developing
2026-05-23,01:00:00,Kelantan,Kota Bharu,6.1333,102.25,27.7,89,0.0,7.0,2,State of sky on the whole unchanged
2026-05-23,01:00:00,Terengganu,Kuala Terengganu,5.3303,103.1408,26.4,94,0.0,3.1,0,Cloud development not observed or not observable
2026-05-23,01:00:00,Kuala Lumpur,Kuala Lumpur,3.1478,101.6953,27.1,90,0.0,1.1,2,State of sky on the whole unchanged
2026-05-23,01:00:00,Johor,Muar,2.05,102.56,27.9,79,0.0,6.7,3,Clouds generally forming or developing
2026-05-23,01:00:00,Selangor,Petaling Jaya,3.1073,101.6067,28.2,84,0.0,1.6,3,Clouds generally forming or developing
2026-05-23,01:00:00,Perak,Teluk Intan,4.0259,101.0213,27.5,85,0.0,1.9,1,Clouds generally dissolving or becoming less developed
2026-05-23,01:00:00,Selangor,Shah Alam,3.0833,101.5333,28.4,82,0.0,3.5,3,Clouds generally forming or developing
2026-05-23,01:00:00,Johor,Kluang,2.0336,103.3194,26.3,90,0.0,3.8,3,Clouds generally forming or developing
2026-05-23,00:00:00,Sarawak,Bintulu,3.17,113.03,26.0,95,0.0,5.6,3,Clouds generally forming or developing
2026-05-23,00:00:00,Pahang,Kuantan,3.8167,103.3333,26.9,91,0.0,6.1,1,Clouds generally dissolving or becoming less developed
2026-05-23,00:00:00,Sarawak,Miri,4.4028,113.9933,25.9,91,0.0,10.0,3,Clouds generally forming or developing
2026-05-23,00:00:00,Pulau Pinang,Bukit Mertajam,5.3631,100.4667,27.6,85,0.0,3.2,3,Clouds generally forming or developing
2026-05-23,00:00:00,Johor,Kluang,2.0336,103.3194,26.4,90,0.0,4.1,3,Clouds generally forming or developing
2026-05-23,00:00:00,Perlis,Kangar,6.4333,100.2,27.0,79,0.0,6.3,1,Clouds generally dissolving or becoming less developed
2026-05-23,00:00:00,Johor,Batu Pahat,1.85,102.93,26.6,85,0.0,5.6,3,Clouds generally forming or developing
2026-05-23,00:00:00,Perak,Taiping,4.85,100.7333,26.8,80,0.0,2.3,3,Clouds generally forming or developing
2026-05-23,00:00:00,Johor,Muar,2.05,102.56,28.1,81,0.0,3.4,3,Clouds generally forming or developing
2026-05-23,00:00:00,Sabah,Tawau,4.2448,117.8911,26.7,88,0.0,4.5,2,State of sky on the whole unchanged
2026-05-23,00:00:00,Perak,Teluk Intan,4.0259,101.0213,27.5,85,0.0,2.3,3,Clouds generally forming or developing
2026-05-23,00:00:00,Selangor,Shah Alam,3.0833,101.5333,28.1,84,0.0,3.5,3,Clouds generally forming or developing
2026-05-23,00:00:00,Sabah,Lahad Datu,5.03,118.34,25.9,95,0.0,1.3,2,State of sky on the whole unchanged
2026-05-23,00:00:00,Kuala Lumpur,Kuala Lumpur,3.1478,101.6953,27.8,86,0.0,1.3,3,Clouds generally forming or developing
2026-05-23,00:00:00,Selangor,Klang,3.0333,101.45,27.6,86,0.0,4.0,3,Clouds generally forming or developing
2026-05-23,00:00:00,Perak,Ipoh,4.6,101.07,28.8,65,0.0,2.3,3,Clouds generally forming or developing
2026-05-23,00:00:00,Kedah,Alor Setar,6.1167,100.3667,26.8,85,0.0,4.5,2,State of sky on the whole unchanged
2026-05-23,00:00:00,Pulau Pinang,Butterworth,5.3992,100.3639,27.7,85,0.0,3.2,3,Clouds generally forming or developing
2026-05-23,00:00:00,Pulau Pinang,George Town,5.4145,100.3292,28.4,84,0.0,1.1,3,Clouds generally forming or developing
2026-05-23,00:00:00,Terengganu,Kuala Terengganu,5.3303,103.1408,26.7,95,0.0,4.8,2,State of sky on the whole unchanged
2026-05-23,00:00:00,Selangor,Petaling Jaya,3.1073,101.6067,28.5,82,0.0,2.4,3,Clouds generally forming or developing
2026-05-23,00:00:00,Kelantan,Kota Bharu,6.1333,102.25,28.3,85,0.0,5.8,3,Clouds generally forming or developing
2026-05-23,00:00:00,Sarawak,Sibu,2.3,111.8167,25.4,99,0.0,6.6,3,Clouds generally forming or developing
2026-05-23,00:00:00,Melaka,Melaka,2.1889,102.2511,27.8,83,0.0,4.8,3,Clouds generally forming or developing
2026-05-23,00:00:00,Sabah,Kota Kinabalu,5.975,116.0725,25.7,82,0.0,4.8,3,Clouds generally forming or developing
2026-05-23,00:00:00,Negeri Sembilan,Seremban,2.7297,101.9381,27.2,90,0.0,2.7,3,Clouds generally forming or developing
2026-05-23,00:00:00,Sabah,Sandakan,5.8388,118.1173,27.3,89,0.0,9.3,3,Clouds generally forming or developing
2026-05-23,00:00:00,Pahang,Kuala Lipis,4.184,102.042,27.0,82,0.0,1.5,3,Clouds generally forming or developing
2026-05-23,00:00:00,Pahang,Raub,3.7931,101.8569,25.9,77,0.0,1.9,3,Clouds generally forming or developing
2026-05-23,00:00:00,Kedah,Sungai Petani,5.65,100.48,26.3,95,0.0,5.5,3,Clouds generally forming or developing
2026-05-23,00:00:00,Labuan,Labuan,5.2803,115.2475,27.6,86,0.0,8.5,3,Clouds generally forming or developing
2026-05-23,00:00:00,Putrajaya,Putrajaya,2.93,101.69,27.5,88,0.0,2.8,3,Clouds generally forming or developing
2026-05-23,00:00:00,Johor,Johor Bahru,1.4556,103.7611,26.2,92,0.0,3.3,3,Clouds generally forming or developing
2026-05-23,20:00:00,Kelantan,Kota Bharu,6.1333,102.25,26.5,90,0.0,10.2,3,Clouds generally forming or developing
2026-05-23,20:00:00,Negeri Sembilan,Seremban,2.7297,101.9381,26.6,93,0.0,4.6,3,Clouds generally forming or developing
2026-05-23,20:00:00,Perak,Ipoh,4.6,101.07,27.5,86,0.1,3.7,51,"Drizzle, not freezing, continuous 	slight at time of observation"
2026-05-23,20:00:00,Perak,Teluk Intan,4.0259,101.0213,26.9,93,0.2,5.9,51,"Drizzle, not freezing, continuous 	slight at time of observation"
2026-05-23,20:00:00,Sabah,Tawau,4.2448,117.8911,27.7,88,0.0,0.7,3,Clouds generally forming or developing
2026-05-23,20:00:00,Sabah,Kota Kinabalu,5.975,116.0725,26.9,91,0.0,4.7,3,Clouds generally forming or developing
2026-05-23,20:00:00,Kuala Lumpur,Kuala Lumpur,3.1478,101.6953,28.1,77,0.0,1.1,3,Clouds generally forming or developing
2026-05-23,20:00:00,Pulau Pinang,Butterworth,5.3992,100.3639,29.1,77,0.0,4.8,3,Clouds generally forming or developing
2026-05-23,20:00:00,Selangor,Petaling Jaya,3.1073,101.6067,27.9,76,0.0,1.7,3,Clouds generally forming or developing
2026-05-23,20:00:00,Johor,Muar,2.05,102.56,27.5,83,0.0,8.2,2,State of sky on the whole unchanged
2026-05-23,20:00:00,Sarawak,Bintulu,3.17,113.03,26.9,87,0.0,3.2,3,Clouds generally forming or developing
2026-05-23,20:00:00,Selangor,Shah Alam,3.0833,101.5333,28.1,80,0.0,4.8,3,Clouds generally forming or developing
2026-05-23,20:00:00,Johor,Batu Pahat,1.85,102.93,26.5,90,0.0,3.5,3,Clouds generally forming or developing
2026-05-23,20:00:00,Terengganu,Kuala Terengganu,5.3303,103.1408,26.1,98,0.0,8.2,3,Clouds generally forming or developing
2026-05-23,20:00:00,Selangor,Klang,3.0333,101.45,27.9,84,0.0,5.6,3,Clouds generally forming or developing
2026-05-23,20:00:00,Perak,Taiping,4.85,100.7333,26.7,91,0.1,5.8,51,"Drizzle, not freezing, continuous 	slight at time of observation"
2026-05-23,20:00:00,Melaka,Melaka,2.1889,102.2511,26.5,90,0.0,11.5,2,State of sky on the whole unchanged
2026-05-23,20:00:00,Pulau Pinang,George Town,5.4145,100.3292,28.8,77,0.0,5.5,3,Clouds generally forming or developing
2026-05-23,20:00:00,Sabah,Lahad Datu,5.03,118.34,25.9,97,0.0,9.4,3,Clouds generally forming or developing
2026-05-23,20:00:00,Terengganu,Cukai,4.2332,103.4479,26.4,92,0.0,8.6,3,Clouds generally forming or developing
2026-05-23,20:00:00,Perlis,Kangar,6.4333,100.2,28.0,85,0.0,2.3,51,"Drizzle, not freezing, continuous 	slight at time of observation"
2026-05-23,20:00:00,Sarawak,Miri,4.4028,113.9933,27.0,93,0.1,7.9,53,"Drizzle, not freezing, continuous 	moderate at time of observation"
2026-05-23,20:00:00,Pulau Pinang,Bukit Mertajam,5.3631,100.4667,29.0,77,0.0,4.8,3,Clouds generally forming or developing
2026-05-23,20:00:00,Sarawak,Sibu,2.3,111.8167,26.6,94,0.0,3.5,1,Clouds generally dissolving or becoming less developed
2026-05-23,20:00:00,Pahang,Kuantan,3.8167,103.3333,26.0,95,0.0,7.0,2,State of sky on the whole unchanged
2026-05-23,20:00:00,Sarawak,Kuching,1.5397,110.3542,27.0,89,0.0,5.3,1,Clouds generally dissolving or becoming less developed
2026-05-23,20:00:00,Pahang,Raub,3.7931,101.8569,24.5,98,0.3,1.3,80,"Rain shower(s), slight"
2026-05-23,20:00:00,Labuan,Labuan,5.2803,115.2475,27.4,91,0.3,9.8,55,"Drizzle, not freezing, continuous heavy (dense) at time of observation"
2026-05-23,20:00:00,Johor,Kluang,2.0336,103.3194,26.2,93,0.0,1.3,3,Clouds generally forming or developing
2026-05-23,20:00:00,Pahang,Kuala Lipis,4.184,102.042,24.5,100,0.9,7.9,53,"Drizzle, not freezing, continuous 	moderate at time of observation"
2026-05-23,20:00:00,Johor,Johor Bahru,1.4556,103.7611,27.0,92,0.0,0.4,2,State of sky on the whole unchanged
2026-05-23,20:00:00,Sabah,Sandakan,5.8388,118.1173,28.7,81,0.5,10.4,53,"Drizzle, not freezing, continuous 	moderate at time of observation"
2026-05-23,20:00:00,Kedah,Alor Setar,6.1167,100.3667,27.9,86,0.9,1.7,80,"Rain shower(s), slight"
2026-05-23,19:00:00,Sabah,Tawau,4.2448,117.8911,28.6,81,0.0,0.6,3,Clouds generally forming or developing
2026-05-23,19:00:00,Pulau Pinang,Butterworth,5.3992,100.3639,29.9,74,0.0,8.9,3,Clouds generally forming or developing
2026-05-23,19:00:00,Kedah,Alor Setar,6.1167,100.3667,29.2,75,0.2,4.3,80,"Rain shower(s), slight"
2026-05-23,19:00:00,Perak,Taiping,4.85,100.7333,27.4,89,0.6,6.9,53,"Drizzle, not freezing, continuous 	moderate at time of observation"
2026-05-23,19:00:00,Pulau Pinang,George Town,5.4145,100.3292,29.7,73,0.0,6.0,3,Clouds generally forming or developing
2026-05-23,19:00:00,Sabah,Sandakan,5.8388,118.1173,29.0,79,0.6,12.5,55,"Drizzle, not freezing, continuous heavy (dense) at time of observation"
2026-05-23,19:00:00,Pulau Pinang,Bukit Mertajam,5.3631,100.4667,29.8,74,0.0,8.9,3,Clouds generally forming or developing
2026-05-23,19:00:00,Selangor,Petaling Jaya,3.1073,101.6067,28.3,74,0.0,2.7,3,Clouds generally forming or developing
2026-05-23,19:00:00,Selangor,Klang,3.0333,101.45,28.4,79,0.0,3.8,3,Clouds generally forming or developing
2026-05-23,19:00:00,Kuala Lumpur,Kuala Lumpur,3.1478,101.6953,28.4,74,0.0,1.3,3,Clouds generally forming or developing
2026-05-23,19:00:00,Sarawak,Bintulu,3.17,113.03,27.5,83,0.0,3.4,3,Clouds generally forming or developing
2026-05-23,19:00:00,Terengganu,Kuala Terengganu,5.3303,103.1408,27.0,91,0.0,9.0,3,Clouds generally forming or developing
2026-05-23,19:00:00,Perak,Teluk Intan,4.0259,101.0213,27.2,91,0.5,7.6,80,"Rain shower(s), slight"
2026-05-23,19:00:00,Selangor,Shah Alam,3.0833,101.5333,28.8,77,0.0,3.9,3,Clouds generally forming or developing
2026-05-23,19:00:00,Kelantan,Kota Bharu,6.1333,102.25,28.5,70,0.0,8.2,51,"Drizzle, not freezing, continuous 	slight at time of observation"
2026-05-23,19:00:00,Perlis,Kangar,6.4333,100.2,29.1,77,0.0,6.5,3,Clouds generally forming or developing
2026-05-23,19:00:00,Johor,Johor Bahru,1.4556,103.7611,27.4,90,0.3,3.0,51,"Drizzle, not freezing, continuous 	slight at time of observation"
2026-05-23,19:00:00,Melaka,Melaka,2.1889,102.2511,27.8,83,0.0,11.6,3,Clouds generally forming or developing
2026-05-23,19:00:00,Pahang,Raub,3.7931,101.8569,25.0,96,0.4,1.5,81,"Rain shower(s), moderate or heavy"
2026-05-23,19:00:00,Pahang,Kuantan,3.8167,103.3333,26.8,90,0.1,6.6,51,"Drizzle, not freezing, continuous 	slight at time of observation"
2026-05-23,19:00:00,Sabah,Kota Kinabalu,5.975,116.0725,27.2,91,0.0,4.1,3,Clouds generally forming or developing
2026-05-23,19:00:00,Pahang,Kuala Lipis,4.184,102.042,25.0,98,0.7,5.2,81,"Rain shower(s), moderate or heavy"
2026-05-23,19:00:00,Johor,Kluang,2.0336,103.3194,26.8,90,0.0,4.0,3,Clouds generally forming or developing
2026-05-23,19:00:00,Perak,Ipoh,4.6,101.07,28.0,83,0.3,2.5,51,"Drizzle, not freezing, continuous 	slight at time of observation"
2026-05-23,19:00:00,Negeri Sembilan,Seremban,2.7297,101.9381,27.3,89,0.0,4.0,3,Clouds generally forming or developing
2026-05-23,19:00:00,Sabah,Lahad Datu,5.03,118.34,26.2,96,0.0,5.4,3,Clouds generally forming or developing
2026-05-23,19:00:00,Sarawak,Kuching,1.5397,110.3542,27.8,85,0.0,4.3,0,Cloud development not observed or not observable
2026-05-23,19:00:00,Terengganu,Cukai,4.2332,103.4479,27.0,86,0.0,7.6,3,Clouds generally forming or developing
2026-05-23,19:00:00,Sarawak,Miri,4.4028,113.9933,27.8,87,0.0,2.2,51,"Drizzle, not freezing, continuous 	slight at time of observation"
2026-05-23,19:00:00,Sarawak,Sibu,2.3,111.8167,27.0,93,0.0,3.5,2,State of sky on the whole unchanged
2026-05-23,19:00:00,Labuan,Labuan,5.2803,115.2475,28.8,79,0.2,1.3,51,"Drizzle, not freezing, continuous 	slight at time of observation"
2026-05-23,19:00:00,Johor,Batu Pahat,1.85,102.93,27.3,87,0.0,7.0,3,Clouds generally forming or developing
2026-05-23,19:00:00,Johor,Muar,2.05,102.56,28.0,80,0.0,8.3,2,State of sky on the whole unchanged
2026-05-23,18:00:00,Perak,Teluk Intan,4.0259,101.0213,27.7,86,0.1,6.0,51,"Drizzle, not freezing, continuous 	slight at time of observation"
2026-05-23,18:00:00,Sarawak,Kuching,1.5397,110.3542,29.6,74,0.0,5.4,51,"Drizzle, not freezing, continuous 	slight at time of observation"
2026-05-23,18:00:00,Melaka,Melaka,2.1889,102.2511,29.0,77,0.0,11.7,3,Clouds generally forming or developing
2026-05-23,18:00:00,Labuan,Labuan,5.2803,115.2475,29.4,74,0.1,8.1,51,"Drizzle, not freezing, continuous 	slight at time of observation"
2026-05-23,18:00:00,Johor,Johor Bahru,1.4556,103.7611,28.4,84,0.5,6.8,53,"Drizzle, not freezing, continuous 	moderate at time of observation"
2026-05-23,18:00:00,Sabah,Lahad Datu,5.03,118.34,26.3,97,0.4,8.6,51,"Drizzle, not freezing, continuous 	slight at time of observation"
2026-05-23,18:00:00,Pahang,Kuala Lipis,4.184,102.042,25.5,96,1.1,4.7,81,"Rain shower(s), moderate or heavy"
2026-05-23,18:00:00,Pulau Pinang,Butterworth,5.3992,100.3639,31.3,63,0.0,8.2,3,Clouds generally forming or developing
2026-05-23,18:00:00,Selangor,Petaling Jaya,3.1073,101.6067,29.1,70,0.1,5.1,51,"Drizzle, not freezing, continuous 	slight at time of observation"
2026-05-23,18:00:00,Pahang,Kuantan,3.8167,103.3333,27.6,83,0.1,4.0,51,"Drizzle, not freezing, continuous 	slight at time of observation"
2026-05-23,18:00:00,Pulau Pinang,Bukit Mertajam,5.3631,100.4667,31.2,63,0.0,8.2,3,Clouds generally forming or developing
2026-05-23,18:00:00,Sabah,Sandakan,5.8388,118.1173,29.4,72,0.3,13.4,53,"Drizzle, not freezing, continuous 	moderate at time of observation"
2026-05-23,18:00:00,Sarawak,Bintulu,3.17,113.03,28.6,80,0.0,5.6,3,Clouds generally forming or developing
2026-05-23,18:00:00,Pahang,Raub,3.7931,101.8569,25.0,94,0.4,3.1,51,"Drizzle, not freezing, continuous 	slight at time of observation"
2026-05-23,18:00:00,Sabah,Tawau,4.2448,117.8911,29.7,71,0.0,2.8,3,Clouds generally forming or developing
2026-05-23,18:00:00,Perak,Taiping,4.85,100.7333,27.1,92,0.9,9.0,53,"Drizzle, not freezing, continuous 	moderate at time of observation"
2026-05-23,18:00:00,Johor,Batu Pahat,1.85,102.93,28.2,81,0.0,9.2,3,Clouds generally forming or developing
2026-05-23,18:00:00,Negeri Sembilan,Seremban,2.7297,101.9381,28.1,84,0.3,8.6,51,"Drizzle, not freezing, continuous 	slight at time of observation"
2026-05-23,18:00:00,Selangor,Shah Alam,3.0833,101.5333,29.4,74,0.2,5.7,51,"Drizzle, not freezing, continuous 	slight at time of observation"
2026-05-23,18:00:00,Terengganu,Kuala Terengganu,5.3303,103.1408,28.3,74,0.1,6.4,51,"Drizzle, not freezing, continuous 	slight at time of observation"
2026-05-23,18:00:00,Terengganu,Cukai,4.2332,103.4479,28.0,80,0.3,5.2,51,"Drizzle, not freezing, continuous 	slight at time of observation"
2026-05-23,18:00:00,Johor,Kluang,2.0336,103.3194,27.3,87,0.0,3.3,3,Clouds generally forming or developing
2026-05-23,18:00:00,Selangor,Klang,3.0333,101.45,28.9,76,0.4,6.2,51,"Drizzle, not freezing, continuous 	slight at time of observation"
2026-05-23,18:00:00,Pulau Pinang,George Town,5.4145,100.3292,30.7,65,0.0,8.4,3,Clouds generally forming or developing
2026-05-23,18:00:00,Sarawak,Miri,4.4028,113.9933,28.6,81,0.0,6.7,3,Clouds generally forming or developing
2026-05-23,18:00:00,Johor,Muar,2.05,102.56,28.5,76,0.0,8.3,3,Clouds generally forming or developing
2026-05-23,18:00:00,Kuala Lumpur,Kuala Lumpur,3.1478,101.6953,29.1,71,0.2,4.2,51,"Drizzle, not freezing, continuous 	slight at time of observation"
2026-05-23,18:00:00,Kedah,Alor Setar,6.1167,100.3667,30.6,69,0.0,8.5,3,Clouds generally forming or developing
2026-05-23,18:00:00,Sabah,Kota Kinabalu,5.975,116.0725,28.3,81,0.1,4.0,51,"Drizzle, not freezing, continuous 	slight at time of observation"
2026-05-23,18:00:00,Kelantan,Kota Bharu,6.1333,102.25,31.0,61,0.1,3.6,51,"Drizzle, not freezing, continuous 	slight at time of observation"
2026-05-23,18:00:00,Perak,Ipoh,4.6,101.07,28.8,80,1.6,4.9,80,"Rain shower(s), slight"
2026-05-23,18:00:00,Perlis,Kangar,6.4333,100.2,30.5,69,0.2,11.2,51,"Drizzle, not freezing, continuous 	slight at time of observation"
2026-05-23,18:00:00,Sarawak,Sibu,2.3,111.8167,28.5,86,0.0,4.2,1,Clouds generally dissolving or becoming less developed
2026-05-23,17:00:00,Selangor,Shah Alam,3.0833,101.5333,29.2,77,1.6,5.6,80,"Rain shower(s), slight"
2026-05-23,17:00:00,Sabah,Tawau,4.2448,117.8911,30.4,69,0.1,8.4,51,"Drizzle, not freezing, continuous 	slight at time of observation"
2026-05-23,17:00:00,Negeri Sembilan,Seremban,2.7297,101.9381,28.7,82,0.2,5.7,51,"Drizzle, not freezing, continuous 	slight at time of observation"
2026-05-23,17:00:00,Melaka,Melaka,2.1889,102.2511,29.7,75,0.0,9.3,3,Clouds generally forming or developing
2026-05-23,17:00:00,Johor,Johor Bahru,1.4556,103.7611,28.4,81,0.0,5.9,51,"Drizzle, not freezing, continuous 	slight at time of observation"
2026-05-23,17:00:00,Johor,Kluang,2.0336,103.3194,27.2,88,0.0,3.3,51,"Drizzle, not freezing, continuous 	slight at time of observation"
2026-05-23,17:00:00,Pulau Pinang,George Town,5.4145,100.3292,31.5,58,0.0,9.2,3,Clouds generally forming or developing
2026-05-23,17:00:00,Sabah,Lahad Datu,5.03,118.34,26.5,96,1.6,8.5,80,"Rain shower(s), slight"
2026-05-23,17:00:00,Kedah,Alor Setar,6.1167,100.3667,31.9,61,0.0,9.8,3,Clouds generally forming or developing
2026-05-23,17:00:00,Terengganu,Kuala Terengganu,5.3303,103.1408,29.9,66,0.0,3.3,3,Clouds generally forming or developing
2026-05-23,17:00:00,Pulau Pinang,Butterworth,5.3992,100.3639,32.2,56,0.0,7.4,3,Clouds generally forming or developing
2026-05-23,17:00:00,Sabah,Kota Kinabalu,5.975,116.0725,29.1,77,0.3,0.7,51,"Drizzle, not freezing, continuous 	slight at time of observation"
2026-05-23,17:00:00,Perak,Ipoh,4.6,101.07,30.5,73,1.0,4.7,81,"Rain shower(s), moderate or heavy"
2026-05-23,17:00:00,Kelantan,Kota Bharu,6.1333,102.25,31.4,61,0.0,6.0,51,"Drizzle, not freezing, continuous 	slight at time of observation"
2026-05-23,17:00:00,Sarawak,Bintulu,3.17,113.03,29.1,77,0.0,9.1,2,State of sky on the whole unchanged
2026-05-23,17:00:00,Sarawak,Kuching,1.5397,110.3542,31.1,59,0.0,3.6,51,"Drizzle, not freezing, continuous 	slight at time of observation"
2026-05-23,17:00:00,Pahang,Kuala Lipis,4.184,102.042,26.5,94,0.1,6.1,81,"Rain shower(s), moderate or heavy"
2026-05-23,17:00:00,Pulau Pinang,Bukit Mertajam,5.3631,100.4667,32.1,56,0.0,7.4,3,Clouds generally forming or developing
2026-05-23,17:00:00,Kuala Lumpur,Kuala Lumpur,3.1478,101.6953,29.9,67,0.5,4.0,53,"Drizzle, not freezing, continuous 	moderate at time of observation"
2026-05-23,17:00:00,Labuan,Labuan,5.2803,115.2475,29.8,69,0.0,11.9,3,Clouds generally forming or developing
2026-05-23,17:00:00,Selangor,Petaling Jaya,3.1073,101.6067,29.0,73,0.5,3.1,53,"Drizzle, not freezing, continuous 	moderate at time of observation"
2026-05-23,17:00:00,Perlis,Kangar,6.4333,100.2,31.9,60,0.0,13.9,2,State of sky on the whole unchanged
2026-05-23,17:00:00,Sarawak,Miri,4.4028,113.9933,29.4,72,0.1,10.6,51,"Drizzle, not freezing, continuous 	slight at time of observation"
2026-05-23,17:00:00,Johor,Muar,2.05,102.56,28.5,79,0.0,7.6,3,Clouds generally forming or developing
2026-05-23,17:00:00,Perak,Taiping,4.85,100.7333,27.8,80,0.1,11.1,51,"Drizzle, not freezing, continuous 	slight at time of observation"
2026-05-23,17:00:00,Terengganu,Cukai,4.2332,103.4479,28.4,77,0.0,3.6,51,"Drizzle, not freezing, continuous 	slight at time of observation"
2026-05-23,17:00:00,Sarawak,Sibu,2.3,111.8167,29.5,74,0.0,5.1,51,"Drizzle, not freezing, continuous 	slight at time of observation"
2026-05-23,17:00:00,Pahang,Kuantan,3.8167,103.3333,28.5,83,0.7,4.3,53,"Drizzle, not freezing, continuous 	moderate at time of observation"
2026-05-23,17:00:00,Selangor,Klang,3.0333,101.45,29.3,76,1.0,8.1,80,"Rain shower(s), slight"
2026-05-23,17:00:00,Johor,Batu Pahat,1.85,102.93,28.6,79,0.0,8.2,3,Clouds generally forming or developing
2026-05-23,17:00:00,Perak,Teluk Intan,4.0259,101.0213,27.6,86,0.2,7.1,51,"Drizzle, not freezing, continuous 	slight at time of observation"
2026-05-23,17:00:00,Pahang,Raub,3.7931,101.8569,25.6,93,0.2,4.7,51,"Drizzle, not freezing, continuous 	slight at time of observation"
2026-05-23,17:00:00,Sabah,Sandakan,5.8388,118.1173,29.9,67,0.2,15.3,51,"Drizzle, not freezing, continuous 	slight at time of observation"
2026-05-23,16:00:00,Pahang,Kuantan,3.8167,103.3333,28.6,79,0.0,6.1,81,"Rain shower(s), moderate or heavy"
2026-05-23,16:00:00,Pulau Pinang,Bukit Mertajam,5.3631,100.4667,32.5,55,0.0,7.8,2,State of sky on the whole unchanged
2026-05-23,16:00:00,Johor,Johor Bahru,1.4556,103.7611,26.6,90,0.1,6.1,51,"Drizzle, not freezing, continuous 	slight at time of observation"
2026-05-23,16:00:00,Sarawak,Kuching,1.5397,110.3542,31.1,60,0.0,3.7,0,Cloud development not observed or not observable
2026-05-23,16:00:00,Sabah,Sandakan,5.8388,118.1173,31.2,61,0.0,13.6,3,Clouds generally forming or developing
2026-05-23,16:00:00,Sabah,Lahad Datu,5.03,118.34,26.5,93,0.4,14.1,81,"Rain shower(s), moderate or heavy"
2026-05-23,16:00:00,Melaka,Melaka,2.1889,102.2511,29.5,75,0.1,10.6,51,"Drizzle, not freezing, continuous 	slight at time of observation"
2026-05-23,16:00:00,Labuan,Labuan,5.2803,115.2475,30.3,67,0.0,13.9,3,Clouds generally forming or developing
2026-05-23,16:00:00,Selangor,Klang,3.0333,101.45,31.0,60,0.8,8.2,61,"Rain, not freezing, continuous slight at time of observation"
2026-05-23,16:00:00,Sarawak,Sibu,2.3,111.8167,29.8,73,0.0,7.1,0,Cloud development not observed or not observable
2026-05-23,16:00:00,Terengganu,Cukai,4.2332,103.4479,30.2,70,0.1,5.1,51,"Drizzle, not freezing, continuous 	slight at time of observation"
2026-05-23,16:00:00,Sabah,Tawau,4.2448,117.8911,30.8,69,0.1,9.4,51,"Drizzle, not freezing, continuous 	slight at time of observation"
2026-05-23,16:00:00,Sarawak,Bintulu,3.17,113.03,29.3,81,0.2,8.7,51,"Drizzle, not freezing, continuous 	slight at time of observation"
2026-05-23,16:00:00,Perak,Ipoh,4.6,101.07,31.5,66,0.0,8.7,81,"Rain shower(s), moderate or heavy"
2026-05-23,16:00:00,Perak,Taiping,4.85,100.7333,32.2,64,0.0,6.8,95,"Thunderstorm, slight or moderate, without hail** but with rain and/or snow at time of observation - Thunderstorm at time of observation"
2026-05-23,16:00:00,Selangor,Shah Alam,3.0833,101.5333,29.9,73,0.0,8.7,81,"Rain shower(s), moderate or heavy"
2026-05-23,16:00:00,Perlis,Kangar,6.4333,100.2,32.3,59,0.0,13.3,3,Clouds generally forming or developing
2026-05-23,16:00:00,Negeri Sembilan,Seremban,2.7297,101.9381,28.5,86,0.9,5.1,95,"Thunderstorm, slight or moderate, without hail** but with rain and/or snow at time of observation - Thunderstorm at time of observation"
2026-05-23,16:00:00,Terengganu,Kuala Terengganu,5.3303,103.1408,30.1,66,0.0,6.6,3,Clouds generally forming or developing
2026-05-23,16:00:00,Kuala Lumpur,Kuala Lumpur,3.1478,101.6953,29.9,66,1.1,6.6,61,"Rain, not freezing, continuous slight at time of observation"
2026-05-23,16:00:00,Johor,Batu Pahat,1.85,102.93,28.2,81,0.0,7.5,3,Clouds generally forming or developing
2026-05-23,16:00:00,Sarawak,Miri,4.4028,113.9933,29.8,69,0.0,13.4,51,"Drizzle, not freezing, continuous 	slight at time of observation"
2026-05-23,16:00:00,Selangor,Petaling Jaya,3.1073,101.6067,29.0,68,0.8,6.4,55,"Drizzle, not freezing, continuous heavy (dense) at time of observation"
2026-05-23,16:00:00,Kelantan,Kota Bharu,6.1333,102.25,31.2,62,0.1,6.1,53,"Drizzle, not freezing, continuous 	moderate at time of observation"
2026-05-23,16:00:00,Pahang,Kuala Lipis,4.184,102.042,26.6,90,0.5,10.0,53,"Drizzle, not freezing, continuous 	moderate at time of observation"
2026-05-23,16:00:00,Pulau Pinang,Butterworth,5.3992,100.3639,32.6,55,0.0,7.8,2,State of sky on the whole unchanged
2026-05-23,16:00:00,Johor,Kluang,2.0336,103.3194,27.2,89,0.1,3.1,51,"Drizzle, not freezing, continuous 	slight at time of observation"
2026-05-23,16:00:00,Johor,Muar,2.05,102.56,28.5,80,0.2,10.2,51,"Drizzle, not freezing, continuous 	slight at time of observation"
2026-05-23,16:00:00,Pahang,Raub,3.7931,101.8569,26.1,90,0.7,7.8,53,"Drizzle, not freezing, continuous 	moderate at time of observation"
2026-05-23,16:00:00,Kedah,Alor Setar,6.1167,100.3667,32.5,58,0.0,9.4,51,"Drizzle, not freezing, continuous 	slight at time of observation"
2026-05-23,16:00:00,Pulau Pinang,George Town,5.4145,100.3292,32.2,55,0.0,9.3,2,State of sky on the whole unchanged
2026-05-23,16:00:00,Perak,Teluk Intan,4.0259,101.0213,29.3,75,0.0,8.2,3,Clouds generally forming or developing
2026-05-23,16:00:00,Sabah,Kota Kinabalu,5.975,116.0725,29.6,73,0.0,1.2,51,"Drizzle, not freezing, continuous 	slight at time of observation"
2026-05-23,15:00:00,Johor,Johor Bahru,1.4556,103.7611,25.9,94,0.2,7.3,51,"Drizzle, not freezing, continuous 	slight at time of observation"
2026-05-23,15:00:00,Pahang,Kuantan,3.8167,103.3333,29.8,75,0.0,7.6,51,"Drizzle, not freezing, continuous 	slight at time of observation"
2026-05-23,15:00:00,Pahang,Raub,3.7931,101.8569,25.5,92,1.2,14.0,55,"Drizzle, not freezing, continuous heavy (dense) at time of observation"
2026-05-23,15:00:00,Negeri Sembilan,Seremban,2.7297,101.9381,27.4,89,0.5,3.2,81,"Rain shower(s), moderate or heavy"
2026-05-23,15:00:00,Kelantan,Kota Bharu,6.1333,102.25,32.0,59,0.0,8.1,3,Clouds generally forming or developing
2026-05-23,15:00:00,Perak,Ipoh,4.6,101.07,35.5,39,0.0,7.9,3,Clouds generally forming or developing
2026-05-23,15:00:00,Perak,Taiping,4.85,100.7333,33.3,59,0.0,4.4,3,Clouds generally forming or developing
2026-05-23,15:00:00,Sabah,Sandakan,5.8388,118.1173,30.9,63,0.0,11.0,51,"Drizzle, not freezing, continuous 	slight at time of observation"
2026-05-23,15:00:00,Kuala Lumpur,Kuala Lumpur,3.1478,101.6953,33.0,51,0.3,7.9,53,"Drizzle, not freezing, continuous 	moderate at time of observation"
2026-05-23,15:00:00,Terengganu,Kuala Terengganu,5.3303,103.1408,30.6,66,0.1,5.1,51,"Drizzle, not freezing, continuous 	slight at time of observation"
2026-05-23,15:00:00,Melaka,Melaka,2.1889,102.2511,28.8,76,0.3,12.2,53,"Drizzle, not freezing, continuous 	moderate at time of observation"
2026-05-23,15:00:00,Terengganu,Cukai,4.2332,103.4479,30.5,70,0.0,8.6,53,"Drizzle, not freezing, continuous 	moderate at time of observation"
2026-05-23,15:00:00,Selangor,Petaling Jaya,3.1073,101.6067,33.2,50,0.3,8.1,51,"Drizzle, not freezing, continuous 	slight at time of observation"
2026-05-23,15:00:00,Sarawak,Kuching,1.5397,110.3542,31.1,60,0.0,2.7,0,Cloud development not observed or not observable
2026-05-23,15:00:00,Pulau Pinang,Butterworth,5.3992,100.3639,33.0,54,0.0,8.0,2,State of sky on the whole unchanged
2026-05-23,15:00:00,Sarawak,Bintulu,3.17,113.03,29.6,83,0.2,10.3,95,"Thunderstorm, slight or moderate, without hail** but with rain and/or snow at time of observation - Thunderstorm at time of observation"
2026-05-23,15:00:00,Sarawak,Miri,4.4028,113.9933,30.0,68,0.0,14.9,51,"Drizzle, not freezing, continuous 	slight at time of observation"
2026-05-23,15:00:00,Selangor,Klang,3.0333,101.45,33.3,47,0.1,4.0,51,"Drizzle, not freezing, continuous 	slight at time of observation"
2026-05-23,15:00:00,Labuan,Labuan,5.2803,115.2475,30.2,66,0.0,15.2,2,State of sky on the whole unchanged
2026-05-23,15:00:00,Perlis,Kangar,6.4333,100.2,32.7,58,0.0,12.5,2,State of sky on the whole unchanged
2026-05-23,15:00:00,Pulau Pinang,George Town,5.4145,100.3292,32.5,56,0.0,9.7,2,State of sky on the whole unchanged
2026-05-23,15:00:00,Sabah,Lahad Datu,5.03,118.34,32.0,58,0.1,4.4,51,"Drizzle, not freezing, continuous 	slight at time of observation"
2026-05-23,15:00:00,Johor,Kluang,2.0336,103.3194,27.5,88,0.3,4.6,53,"Drizzle, not freezing, continuous 	moderate at time of observation"
2026-05-23,15:00:00,Pahang,Kuala Lipis,4.184,102.042,27.0,88,0.1,20.9,53,"Drizzle, not freezing, continuous 	moderate at time of observation"
2026-05-23,15:00:00,Johor,Batu Pahat,1.85,102.93,27.5,85,0.1,7.3,51,"Drizzle, not freezing, continuous 	slight at time of observation"
2026-05-23,15:00:00,Sarawak,Sibu,2.3,111.8167,29.2,76,0.0,7.8,1,Clouds generally dissolving or becoming less developed
2026-05-23,15:00:00,Sabah,Tawau,4.2448,117.8911,31.2,63,0.1,10.9,51,"Drizzle, not freezing, continuous 	slight at time of observation"
2026-05-23,15:00:00,Kedah,Alor Setar,6.1167,100.3667,32.6,58,0.0,8.6,2,State of sky on the whole unchanged
2026-05-23,15:00:00,Johor,Muar,2.05,102.56,26.8,89,0.4,14.8,80,"Rain shower(s), slight"
2026-05-23,15:00:00,Perak,Teluk Intan,4.0259,101.0213,31.1,65,0.0,9.7,3,Clouds generally forming or developing
2026-05-23,15:00:00,Selangor,Shah Alam,3.0833,101.5333,32.4,53,0.0,7.8,3,Clouds generally forming or developing
2026-05-23,15:00:00,Pulau Pinang,Bukit Mertajam,5.3631,100.4667,33.0,54,0.0,8.0,2,State of sky on the whole unchanged
2026-05-23,15:00:00,Sabah,Kota Kinabalu,5.975,116.0725,29.7,72,0.1,3.1,51,"Drizzle, not freezing, continuous 	slight at time of observation"
2026-05-23,14:00:00,Labuan,Labuan,5.2803,115.2475,30.8,64,0.0,14.8,3,Clouds generally forming or developing
2026-05-23,14:00:00,Johor,Johor Bahru,1.4556,103.7611,25.2,100,0.2,12.7,81,"Rain shower(s), moderate or heavy"
2026-05-23,14:00:00,Sabah,Kota Kinabalu,5.975,116.0725,29.8,71,0.0,4.8,51,"Drizzle, not freezing, continuous 	slight at time of observation"
2026-05-23,14:00:00,Pulau Pinang,Butterworth,5.3992,100.3639,33.1,53,0.0,8.3,2,State of sky on the whole unchanged
2026-05-23,14:00:00,Sarawak,Sibu,2.3,111.8167,28.4,79,0.3,5.4,51,"Drizzle, not freezing, continuous 	slight at time of observation"
2026-05-23,14:00:00,Melaka,Melaka,2.1889,102.2511,30.3,63,0.1,8.5,51,"Drizzle, not freezing, continuous 	slight at time of observation"
2026-05-23,14:00:00,Negeri Sembilan,Seremban,2.7297,101.9381,26.7,82,1.1,11.1,55,"Drizzle, not freezing, continuous heavy (dense) at time of observation"
2026-05-23,14:00:00,Terengganu,Cukai,4.2332,103.4479,30.5,69,0.0,8.4,51,"Drizzle, not freezing, continuous 	slight at time of observation"
2026-05-23,14:00:00,Pahang,Kuala Lipis,4.184,102.042,33.4,55,0.0,1.3,3,Clouds generally forming or developing
2026-05-23,14:00:00,Kedah,Alor Setar,6.1167,100.3667,33.0,57,0.0,8.2,3,Clouds generally forming or developing
2026-05-23,14:00:00,Selangor,Klang,3.0333,101.45,34.7,44,0.1,2.7,51,"Drizzle, not freezing, continuous 	slight at time of observation"
2026-05-23,14:00:00,Pulau Pinang,George Town,5.4145,100.3292,32.6,59,0.0,10.5,2,State of sky on the whole unchanged
2026-05-23,14:00:00,Kuala Lumpur,Kuala Lumpur,3.1478,101.6953,34.7,43,0.1,5.0,51,"Drizzle, not freezing, continuous 	slight at time of observation"
2026-05-23,14:00:00,Pulau Pinang,Bukit Mertajam,5.3631,100.4667,33.0,53,0.0,8.3,2,State of sky on the whole unchanged
2026-05-23,14:00:00,Johor,Muar,2.05,102.56,27.7,74,0.7,14.4,55,"Drizzle, not freezing, continuous heavy (dense) at time of observation"
2026-05-23,14:00:00,Selangor,Petaling Jaya,3.1073,101.6067,34.2,45,0.1,2.2,51,"Drizzle, not freezing, continuous 	slight at time of observation"
2026-05-23,14:00:00,Perak,Teluk Intan,4.0259,101.0213,33.0,55,0.0,3.9,3,Clouds generally forming or developing
2026-05-23,14:00:00,Sarawak,Miri,4.4028,113.9933,30.2,69,0.0,13.4,2,State of sky on the whole unchanged
2026-05-23,14:00:00,Pahang,Raub,3.7931,101.8569,31.5,53,0.2,8.7,53,"Drizzle, not freezing, continuous 	moderate at time of observation"
2026-05-23,14:00:00,Sabah,Tawau,4.2448,117.8911,32.7,56,0.0,9.6,3,Clouds generally forming or developing
2026-05-23,14:00:00,Sarawak,Bintulu,3.17,113.03,29.6,75,0.1,10.2,53,"Drizzle, not freezing, continuous 	moderate at time of observation"
2026-05-23,14:00:00,Perlis,Kangar,6.4333,100.2,33.0,55,0.0,10.8,3,Clouds generally forming or developing
2026-05-23,14:00:00,Johor,Batu Pahat,1.85,102.93,25.8,87,0.5,13.6,53,"Drizzle, not freezing, continuous 	moderate at time of observation"
2026-05-23,14:00:00,Kelantan,Kota Bharu,6.1333,102.25,31.6,64,0.1,9.6,51,"Drizzle, not freezing, continuous 	slight at time of observation"
2026-05-23,14:00:00,Sabah,Lahad Datu,5.03,118.34,32.5,56,0.0,5.6,2,State of sky on the whole unchanged
2026-05-23,14:00:00,Perak,Ipoh,4.6,101.07,36.4,36,0.0,4.4,3,Clouds generally forming or developing
2026-05-23,14:00:00,Sabah,Sandakan,5.8388,118.1173,30.9,67,0.3,9.2,53,"Drizzle, not freezing, continuous 	moderate at time of observation"
2026-05-23,14:00:00,Perak,Taiping,4.85,100.7333,33.3,56,0.0,7.4,3,Clouds generally forming or developing
2026-05-23,14:00:00,Johor,Kluang,2.0336,103.3194,27.1,82,0.5,6.0,53,"Drizzle, not freezing, continuous 	moderate at time of observation"
2026-05-23,14:00:00,Selangor,Shah Alam,3.0833,101.5333,34.2,49,0.1,2.2,51,"Drizzle, not freezing, continuous 	slight at time of observation"
2026-05-23,14:00:00,Terengganu,Kuala Terengganu,5.3303,103.1408,29.7,72,0.4,7.2,51,"Drizzle, not freezing, continuous 	slight at time of observation"
2026-05-23,14:00:00,Pahang,Kuantan,3.8167,103.3333,30.1,75,0.1,5.6,51,"Drizzle, not freezing, continuous 	slight at time of observation"
2026-05-23,14:00:00,Sarawak,Kuching,1.5397,110.3542,30.7,64,0.0,3.8,3,Clouds generally forming or developing
2026-05-23,13:00:00,Perlis,Kangar,6.4333,100.2,32.8,58,0.0,8.5,3,Clouds generally forming or developing
2026-05-23,13:00:00,Sarawak,Kuching,1.5397,110.3542,30.1,68,0.0,6.1,3,Clouds generally forming or developing
2026-05-23,13:00:00,Labuan,Labuan,5.2803,115.2475,31.0,63,0.0,13.4,3,Clouds generally forming or developing
2026-05-23,13:00:00,Perak,Teluk Intan,4.0259,101.0213,32.2,63,0.0,4.3,3,Clouds generally forming or developing
2026-05-23,13:00:00,Sarawak,Miri,4.4028,113.9933,30.4,71,0.0,12.5,3,Clouds generally forming or developing
2026-05-23,13:00:00,Perak,Taiping,4.85,100.7333,33.0,58,0.0,7.7,3,Clouds generally forming or developing
2026-05-23,13:00:00,Johor,Batu Pahat,1.85,102.93,30.1,69,0.0,7.6,3,Clouds generally forming or developing
2026-05-23,13:00:00,Kedah,Alor Setar,6.1167,100.3667,32.7,59,0.0,7.3,3,Clouds generally forming or developing
2026-05-23,13:00:00,Pulau Pinang,Bukit Mertajam,5.3631,100.4667,32.7,58,0.0,7.6,3,Clouds generally forming or developing
2026-05-23,13:00:00,Terengganu,Cukai,4.2332,103.4479,30.8,73,0.0,3.8,95,"Thunderstorm, slight or moderate, without hail** but with rain and/or snow at time of observation - Thunderstorm at time of observation"
2026-05-23,13:00:00,Negeri Sembilan,Seremban,2.7297,101.9381,31.5,61,0.1,5.0,51,"Drizzle, not freezing, continuous 	slight at time of observation"
2026-05-23,13:00:00,Kelantan,Kota Bharu,6.1333,102.25,31.7,65,0.1,7.8,51,"Drizzle, not freezing, continuous 	slight at time of observation"
2026-05-23,13:00:00,Selangor,Klang,3.0333,101.45,34.2,48,0.0,2.3,3,Clouds generally forming or developing
2026-05-23,13:00:00,Pulau Pinang,Butterworth,5.3992,100.3639,32.8,58,0.0,7.6,3,Clouds generally forming or developing
2026-05-23,13:00:00,Kuala Lumpur,Kuala Lumpur,3.1478,101.6953,34.2,47,0.0,1.7,3,Clouds generally forming or developing
2026-05-23,13:00:00,Pulau Pinang,George Town,5.4145,100.3292,32.8,59,0.0,8.9,3,Clouds generally forming or developing
2026-05-23,13:00:00,Sabah,Kota Kinabalu,5.975,116.0725,29.9,74,0.0,7.2,51,"Drizzle, not freezing, continuous 	slight at time of observation"
2026-05-23,13:00:00,Sarawak,Sibu,2.3,111.8167,28.2,85,0.4,3.8,51,"Drizzle, not freezing, continuous 	slight at time of observation"
2026-05-23,13:00:00,Sabah,Tawau,4.2448,117.8911,33.2,58,0.0,2.6,2,State of sky on the whole unchanged
2026-05-23,13:00:00,Selangor,Petaling Jaya,3.1073,101.6067,33.9,48,0.0,2.0,3,Clouds generally forming or developing
2026-05-23,13:00:00,Johor,Muar,2.05,102.56,31.8,63,0.0,10.0,51,"Drizzle, not freezing, continuous 	slight at time of observation"
2026-05-23,13:00:00,Sabah,Lahad Datu,5.03,118.34,32.2,63,0.0,4.6,2,State of sky on the whole unchanged
2026-05-23,13:00:00,Melaka,Melaka,2.1889,102.2511,32.0,62,0.1,9.0,51,"Drizzle, not freezing, continuous 	slight at time of observation"
2026-05-23,13:00:00,Sarawak,Bintulu,3.17,113.03,30.6,70,0.1,8.7,51,"Drizzle, not freezing, continuous 	slight at time of observation"
2026-05-23,13:00:00,Selangor,Shah Alam,3.0833,101.5333,33.7,50,0.0,3.4,3,Clouds generally forming or developing
2026-05-23,13:00:00,Perak,Ipoh,4.6,101.07,36.2,38,0.0,4.1,3,Clouds generally forming or developing
2026-05-23,13:00:00,Pahang,Raub,3.7931,101.8569,32.2,53,0.2,8.4,51,"Drizzle, not freezing, continuous 	slight at time of observation"
2026-05-23,13:00:00,Sabah,Sandakan,5.8388,118.1173,29.9,73,0.0,11.3,53,"Drizzle, not freezing, continuous 	moderate at time of observation"
2026-05-23,13:00:00,Pahang,Kuantan,3.8167,103.3333,30.0,78,0.0,1.6,95,"Thunderstorm, slight or moderate, without hail** but with rain and/or snow at time of observation - Thunderstorm at time of observation"
2026-05-23,13:00:00,Johor,Johor Bahru,1.4556,103.7611,32.5,63,0.0,3.8,51,"Drizzle, not freezing, continuous 	slight at time of observation"
2026-05-23,13:00:00,Johor,Kluang,2.0336,103.3194,26.7,93,1.5,7.4,80,"Rain shower(s), slight"
2026-05-23,13:00:00,Pahang,Kuala Lipis,4.184,102.042,32.8,60,0.0,3.4,3,Clouds generally forming or developing
2026-05-23,13:00:00,Terengganu,Kuala Terengganu,5.3303,103.1408,29.1,78,0.1,2.5,81,"Rain shower(s), moderate or heavy"
2026-05-23,12:00:00,Johor,Kluang,2.0336,103.3194,25.2,96,0.3,13.2,81,"Rain shower(s), moderate or heavy"
2026-05-23,12:00:00,Perak,Ipoh,4.6,101.07,35.2,42,0.0,2.4,3,Clouds generally forming or developing
2026-05-23,12:00:00,Sabah,Lahad Datu,5.03,118.34,31.8,63,0.0,4.8,3,Clouds generally forming or developing
2026-05-23,12:00:00,Selangor,Klang,3.0333,101.45,33.9,50,0.0,0.9,3,Clouds generally forming or developing
2026-05-23,12:00:00,Johor,Johor Bahru,1.4556,103.7611,32.2,66,0.0,2.6,95,"Thunderstorm, slight or moderate, without hail** but with rain and/or snow at time of observation - Thunderstorm at time of observation"
2026-05-23,12:00:00,Pahang,Raub,3.7931,101.8569,32.8,51,0.0,5.7,3,Clouds generally forming or developing
2026-05-23,12:00:00,Sarawak,Sibu,2.3,111.8167,28.0,86,0.3,3.4,51,"Drizzle, not freezing, continuous 	slight at time of observation"
2026-05-23,12:00:00,Sarawak,Miri,4.4028,113.9933,30.4,71,0.0,11.0,3,Clouds generally forming or developing
2026-05-23,12:00:00,Johor,Batu Pahat,1.85,102.93,32.0,65,0.0,3.8,3,Clouds generally forming or developing
2026-05-23,12:00:00,Terengganu,Cukai,4.2332,103.4479,30.4,73,0.0,5.8,51,"Drizzle, not freezing, continuous 	slight at time of observation"
2026-05-23,12:00:00,Johor,Muar,2.05,102.56,31.4,66,0.1,9.2,51,"Drizzle, not freezing, continuous 	slight at time of observation"
2026-05-23,12:00:00,Terengganu,Kuala Terengganu,5.3303,103.1408,30.6,71,0.0,9.6,53,"Drizzle, not freezing, continuous 	moderate at time of observation"
2026-05-23,12:00:00,Kedah,Alor Setar,6.1167,100.3667,32.3,61,0.0,5.1,3,Clouds generally forming or developing
2026-05-23,12:00:00,Sarawak,Bintulu,3.17,113.03,30.6,69,0.0,5.7,51,"Drizzle, not freezing, continuous 	slight at time of observation"
2026-05-23,12:00:00,Sabah,Sandakan,5.8388,118.1173,33.8,54,0.2,3.8,51,"Drizzle, not freezing, continuous 	slight at time of observation"
2026-05-23,12:00:00,Pulau Pinang,Bukit Mertajam,5.3631,100.4667,32.2,61,0.0,6.5,3,Clouds generally forming or developing
2026-05-23,12:00:00,Perak,Teluk Intan,4.0259,101.0213,31.9,65,0.1,3.7,51,"Drizzle, not freezing, continuous 	slight at time of observation"
2026-05-23,12:00:00,Labuan,Labuan,5.2803,115.2475,31.1,63,0.0,11.7,2,State of sky on the whole unchanged
2026-05-23,12:00:00,Kuala Lumpur,Kuala Lumpur,3.1478,101.6953,33.8,49,0.0,2.3,3,Clouds generally forming or developing
2026-05-23,12:00:00,Perak,Taiping,4.85,100.7333,32.6,58,0.0,6.4,3,Clouds generally forming or developing
2026-05-23,12:00:00,Pulau Pinang,George Town,5.4145,100.3292,32.4,60,0.0,6.9,3,Clouds generally forming or developing
2026-05-23,12:00:00,Pahang,Kuala Lipis,4.184,102.042,32.4,61,0.0,2.2,3,Clouds generally forming or developing
2026-05-23,12:00:00,Sarawak,Kuching,1.5397,110.3542,29.4,72,0.0,6.6,3,Clouds generally forming or developing
2026-05-23,12:00:00,Kelantan,Kota Bharu,6.1333,102.25,32.2,62,0.1,10.7,51,"Drizzle, not freezing, continuous 	slight at time of observation"
2026-05-23,12:00:00,Melaka,Melaka,2.1889,102.2511,31.8,64,0.0,9.0,51,"Drizzle, not freezing, continuous 	slight at time of observation"
2026-05-23,12:00:00,Sabah,Tawau,4.2448,117.8911,32.7,58,0.0,3.4,3,Clouds generally forming or developing
2026-05-23,12:00:00,Pahang,Kuantan,3.8167,103.3333,29.0,82,0.0,1.7,3,Clouds generally forming or developing
2026-05-23,12:00:00,Perlis,Kangar,6.4333,100.2,32.3,59,0.0,6.1,3,Clouds generally forming or developing
2026-05-23,12:00:00,Selangor,Petaling Jaya,3.1073,101.6067,33.7,49,0.0,2.2,3,Clouds generally forming or developing
2026-05-23,12:00:00,Sabah,Kota Kinabalu,5.975,116.0725,29.7,74,0.1,7.0,51,"Drizzle, not freezing, continuous 	slight at time of observation"
2026-05-23,12:00:00,Selangor,Shah Alam,3.0833,101.5333,33.5,51,0.0,1.7,3,Clouds generally forming or developing
2026-05-23,12:00:00,Pulau Pinang,Butterworth,5.3992,100.3639,32.2,61,0.0,6.5,3,Clouds generally forming or developing
2026-05-23,12:00:00,Negeri Sembilan,Seremban,2.7297,101.9381,32.2,58,0.1,2.0,51,"Drizzle, not freezing, continuous 	slight at time of observation"
2026-05-23,11:00:00,Kelantan,Kota Bharu,6.1333,102.25,32.8,57,0.0,6.6,51,"Drizzle, not freezing, continuous 	slight at time of observation"
2026-05-23,11:00:00,Perak,Taiping,4.85,100.7333,32.1,60,0.0,4.5,2,State of sky on the whole unchanged
2026-05-23,11:00:00,Sabah,Tawau,4.2448,117.8911,32.0,61,0.0,6.9,3,Clouds generally forming or developing
2026-05-23,11:00:00,Sarawak,Sibu,2.3,111.8167,27.3,89,0.1,2.4,51,"Drizzle, not freezing, continuous 	slight at time of observation"
2026-05-23,11:00:00,Selangor,Shah Alam,3.0833,101.5333,32.7,55,0.0,0.9,2,State of sky on the whole unchanged
2026-05-23,11:00:00,Pahang,Raub,3.7931,101.8569,31.7,55,0.0,4.6,51,"Drizzle, not freezing, continuous 	slight at time of observation"
2026-05-23,11:00:00,Pulau Pinang,Bukit Mertajam,5.3631,100.4667,31.6,65,0.0,5.4,3,Clouds generally forming or developing
2026-05-23,11:00:00,Melaka,Melaka,2.1889,102.2511,31.8,66,0.0,5.1,3,Clouds generally forming or developing
2026-05-23,11:00:00,Selangor,Klang,3.0333,101.45,32.8,55,0.0,0.3,2,State of sky on the whole unchanged
2026-05-23,11:00:00,Labuan,Labuan,5.2803,115.2475,30.9,65,0.0,10.1,3,Clouds generally forming or developing
2026-05-23,11:00:00,Pahang,Kuantan,3.8167,103.3333,27.4,90,0.4,3.6,51,"Drizzle, not freezing, continuous 	slight at time of observation"
2026-05-23,11:00:00,Perak,Ipoh,4.6,101.07,33.8,47,0.0,1.5,3,Clouds generally forming or developing
2026-05-23,11:00:00,Sarawak,Kuching,1.5397,110.3542,28.0,78,0.0,6.6,3,Clouds generally forming or developing
2026-05-23,11:00:00,Sabah,Sandakan,5.8388,118.1173,33.2,56,0.2,4.4,51,"Drizzle, not freezing, continuous 	slight at time of observation"
2026-05-23,11:00:00,Johor,Johor Bahru,1.4556,103.7611,31.2,70,0.0,3.9,95,"Thunderstorm, slight or moderate, without hail** but with rain and/or snow at time of observation - Thunderstorm at time of observation"
2026-05-23,11:00:00,Pahang,Kuala Lipis,4.184,102.042,31.2,67,0.0,1.6,3,Clouds generally forming or developing
2026-05-23,11:00:00,Johor,Kluang,2.0336,103.3194,31.1,70,0.0,2.6,95,"Thunderstorm, slight or moderate, without hail** but with rain and/or snow at time of observation - Thunderstorm at time of observation"
2026-05-23,11:00:00,Perlis,Kangar,6.4333,100.2,31.6,64,0.1,2.2,51,"Drizzle, not freezing, continuous 	slight at time of observation"
2026-05-23,11:00:00,Terengganu,Cukai,4.2332,103.4479,30.0,74,0.0,8.3,3,Clouds generally forming or developing
2026-05-23,11:00:00,Negeri Sembilan,Seremban,2.7297,101.9381,31.4,62,0.0,2.3,51,"Drizzle, not freezing, continuous 	slight at time of observation"
2026-05-23,11:00:00,Selangor,Petaling Jaya,3.1073,101.6067,32.9,53,0.0,0.6,3,Clouds generally forming or developing
2026-05-23,11:00:00,Pulau Pinang,Butterworth,5.3992,100.3639,31.7,65,0.0,5.4,3,Clouds generally forming or developing
2026-05-23,11:00:00,Sarawak,Bintulu,3.17,113.03,30.0,74,0.1,6.1,51,"Drizzle, not freezing, continuous 	slight at time of observation"
2026-05-23,11:00:00,Kedah,Alor Setar,6.1167,100.3667,31.5,66,0.0,3.5,3,Clouds generally forming or developing
2026-05-23,11:00:00,Sabah,Kota Kinabalu,5.975,116.0725,29.4,75,0.0,9.9,51,"Drizzle, not freezing, continuous 	slight at time of observation"
2026-05-23,11:00:00,Kuala Lumpur,Kuala Lumpur,3.1478,101.6953,33.2,52,0.0,0.8,3,Clouds generally forming or developing
2026-05-23,11:00:00,Johor,Muar,2.05,102.56,31.6,65,0.0,5.6,2,State of sky on the whole unchanged
2026-05-23,11:00:00,Sarawak,Miri,4.4028,113.9933,29.9,73,0.0,11.7,3,Clouds generally forming or developing
2026-05-23,11:00:00,Johor,Batu Pahat,1.85,102.93,31.5,68,0.0,4.1,2,State of sky on the whole unchanged
2026-05-23,11:00:00,Sabah,Lahad Datu,5.03,118.34,31.5,62,0.1,4.0,51,"Drizzle, not freezing, continuous 	slight at time of observation"
2026-05-23,11:00:00,Pulau Pinang,George Town,5.4145,100.3292,31.8,63,0.0,5.1,3,Clouds generally forming or developing
2026-05-23,11:00:00,Terengganu,Kuala Terengganu,5.3303,103.1408,32.0,64,0.0,5.4,3,Clouds generally forming or developing
2026-05-23,11:00:00,Perak,Teluk Intan,4.0259,101.0213,31.4,67,0.0,1.9,2,State of sky on the whole unchanged
2026-05-23,10:00:00,Johor,Kluang,2.0336,103.3194,30.0,75,0.0,3.3,95,"Thunderstorm, slight or moderate, without hail** but with rain and/or snow at time of observation - Thunderstorm at time of observation"
2026-05-23,10:00:00,Johor,Batu Pahat,1.85,102.93,30.2,76,0.0,5.6,95,"Thunderstorm, slight or moderate, without hail** but with rain and/or snow at time of observation - Thunderstorm at time of observation"
2026-05-23,10:00:00,Pahang,Kuala Lipis,4.184,102.042,30.0,74,0.0,0.9,3,Clouds generally forming or developing
2026-05-23,10:00:00,Terengganu,Cukai,4.2332,103.4479,29.8,77,0.3,4.5,95,"Thunderstorm, slight or moderate, without hail** but with rain and/or snow at time of observation - Thunderstorm at time of observation"
2026-05-23,10:00:00,Melaka,Melaka,2.1889,102.2511,30.9,71,0.0,7.1,95,"Thunderstorm, slight or moderate, without hail** but with rain and/or snow at time of observation - Thunderstorm at time of observation"
2026-05-23,10:00:00,Sabah,Tawau,4.2448,117.8911,30.8,65,0.0,8.4,3,Clouds generally forming or developing
2026-05-23,10:00:00,Sarawak,Sibu,2.3,111.8167,26.8,92,0.0,1.5,51,"Drizzle, not freezing, continuous 	slight at time of observation"
2026-05-23,10:00:00,Johor,Johor Bahru,1.4556,103.7611,30.3,75,0.0,4.4,95,"Thunderstorm, slight or moderate, without hail** but with rain and/or snow at time of observation - Thunderstorm at time of observation"
2026-05-23,10:00:00,Pahang,Kuantan,3.8167,103.3333,26.1,96,1.1,11.5,80,"Rain shower(s), slight"
2026-05-23,10:00:00,Labuan,Labuan,5.2803,115.2475,30.2,69,0.0,12.5,3,Clouds generally forming or developing
2026-05-23,10:00:00,Kelantan,Kota Bharu,6.1333,102.25,32.2,60,0.0,0.9,51,"Drizzle, not freezing, continuous 	slight at time of observation"
2026-05-23,10:00:00,Sabah,Kota Kinabalu,5.975,116.0725,29.0,77,0.4,7.9,51,"Drizzle, not freezing, continuous 	slight at time of observation"
2026-05-23,10:00:00,Sarawak,Bintulu,3.17,113.03,29.2,81,0.0,7.3,3,Clouds generally forming or developing
2026-05-23,10:00:00,Pulau Pinang,George Town,5.4145,100.3292,30.7,70,0.0,2.7,0,Cloud development not observed or not observable
2026-05-23,10:00:00,Sabah,Lahad Datu,5.03,118.34,30.8,64,0.0,5.6,3,Clouds generally forming or developing
2026-05-23,10:00:00,Terengganu,Kuala Terengganu,5.3303,103.1408,31.2,68,0.0,3.3,3,Clouds generally forming or developing
2026-05-23,10:00:00,Sabah,Sandakan,5.8388,118.1173,32.2,60,0.0,8.4,3,Clouds generally forming or developing
2026-05-23,10:00:00,Negeri Sembilan,Seremban,2.7297,101.9381,31.2,63,0.0,2.3,3,Clouds generally forming or developing
2026-05-23,10:00:00,Pahang,Raub,3.7931,101.8569,30.5,59,0.0,4.1,2,State of sky on the whole unchanged
2026-05-23,10:00:00,Kedah,Alor Setar,6.1167,100.3667,30.0,75,0.0,4.3,2,State of sky on the whole unchanged
2026-05-23,10:00:00,Perak,Taiping,4.85,100.7333,31.0,66,0.0,2.5,2,State of sky on the whole unchanged
2026-05-23,10:00:00,Selangor,Shah Alam,3.0833,101.5333,31.6,63,0.0,1.4,2,State of sky on the whole unchanged
2026-05-23,10:00:00,Selangor,Petaling Jaya,3.1073,101.6067,31.6,62,0.0,1.7,2,State of sky on the whole unchanged
2026-05-23,10:00:00,Perak,Ipoh,4.6,101.07,32.1,52,0.0,2.0,2,State of sky on the whole unchanged
2026-05-23,10:00:00,Selangor,Klang,3.0333,101.45,31.8,63,0.0,1.9,2,State of sky on the whole unchanged
2026-05-23,10:00:00,Kuala Lumpur,Kuala Lumpur,3.1478,101.6953,31.8,61,0.0,1.3,2,State of sky on the whole unchanged
2026-05-23,10:00:00,Perlis,Kangar,6.4333,100.2,30.3,72,0.0,3.8,1,Clouds generally dissolving or becoming less developed
2026-05-23,10:00:00,Perak,Teluk Intan,4.0259,101.0213,30.1,70,0.0,0.8,1,Clouds generally dissolving or becoming less developed
2026-05-23,10:00:00,Johor,Muar,2.05,102.56,30.9,70,0.0,6.3,1,Clouds generally dissolving or becoming less developed
2026-05-23,10:00:00,Pulau Pinang,Bukit Mertajam,5.3631,100.4667,30.5,71,0.0,4.4,1,Clouds generally dissolving or becoming less developed
2026-05-23,10:00:00,Pulau Pinang,Butterworth,5.3992,100.3639,30.6,71,0.0,4.4,1,Clouds generally dissolving or becoming less developed
2026-05-23,10:00:00,Sarawak,Kuching,1.5397,110.3542,26.6,84,0.0,7.0,3,Clouds generally forming or developing
2026-05-23,10:00:00,Sarawak,Miri,4.4028,113.9933,29.5,74,0.0,11.0,3,Clouds generally forming or developing
2026-05-23,09:00:00,Selangor,Petaling Jaya,3.1073,101.6067,29.8,71,0.0,2.6,2,State of sky on the whole unchanged
2026-05-23,09:00:00,Sabah,Lahad Datu,5.03,118.34,30.0,67,0.0,7.5,3,Clouds generally forming or developing
2026-05-23,09:00:00,Sabah,Tawau,4.2448,117.8911,29.5,72,0.0,9.6,3,Clouds generally forming or developing
2026-05-23,09:00:00,Pahang,Raub,3.7931,101.8569,28.8,67,0.0,1.1,2,State of sky on the whole unchanged
2026-05-23,09:00:00,Melaka,Melaka,2.1889,102.2511,29.0,81,0.0,8.2,95,"Thunderstorm, slight or moderate, without hail** but with rain and/or snow at time of observation - Thunderstorm at time of observation"
2026-05-23,09:00:00,Sarawak,Sibu,2.3,111.8167,26.2,94,0.0,2.5,51,"Drizzle, not freezing, continuous 	slight at time of observation"
2026-05-23,09:00:00,Perak,Ipoh,4.6,101.07,29.9,59,0.0,3.8,1,Clouds generally dissolving or becoming less developed
2026-05-23,09:00:00,Perak,Teluk Intan,4.0259,101.0213,28.7,77,0.0,1.8,1,Clouds generally dissolving or becoming less developed
2026-05-23,09:00:00,Negeri Sembilan,Seremban,2.7297,101.9381,29.5,75,0.0,2.4,3,Clouds generally forming or developing
2026-05-23,09:00:00,Pulau Pinang,George Town,5.4145,100.3292,29.3,80,0.0,1.4,1,Clouds generally dissolving or becoming less developed
2026-05-23,09:00:00,Sabah,Kota Kinabalu,5.975,116.0725,28.2,78,0.0,10.1,51,"Drizzle, not freezing, continuous 	slight at time of observation"
2026-05-23,09:00:00,Kuala Lumpur,Kuala Lumpur,3.1478,101.6953,29.7,73,0.0,1.8,2,State of sky on the whole unchanged
2026-05-23,09:00:00,Johor,Johor Bahru,1.4556,103.7611,28.5,88,0.0,2.5,95,"Thunderstorm, slight or moderate, without hail** but with rain and/or snow at time of observation - Thunderstorm at time of observation"
2026-05-23,09:00:00,Sarawak,Kuching,1.5397,110.3542,25.5,89,0.0,7.8,3,Clouds generally forming or developing
2026-05-23,09:00:00,Pahang,Kuantan,3.8167,103.3333,27.3,92,0.3,2.3,95,"Thunderstorm, slight or moderate, without hail** but with rain and/or snow at time of observation - Thunderstorm at time of observation"
2026-05-23,09:00:00,Terengganu,Kuala Terengganu,5.3303,103.1408,29.6,77,0.0,2.4,3,Clouds generally forming or developing
2026-05-23,09:00:00,Kelantan,Kota Bharu,6.1333,102.25,30.5,70,0.0,6.0,3,Clouds generally forming or developing
2026-05-23,09:00:00,Pulau Pinang,Bukit Mertajam,5.3631,100.4667,29.4,76,0.0,3.1,1,Clouds generally dissolving or becoming less developed
2026-05-23,09:00:00,Pulau Pinang,Butterworth,5.3992,100.3639,29.5,76,0.0,3.1,1,Clouds generally dissolving or becoming less developed
2026-05-23,09:00:00,Perak,Taiping,4.85,100.7333,29.4,74,0.0,1.3,1,Clouds generally dissolving or becoming less developed
2026-05-23,09:00:00,Perlis,Kangar,6.4333,100.2,28.6,78,0.0,3.5,2,State of sky on the whole unchanged
2026-05-23,09:00:00,Labuan,Labuan,5.2803,115.2475,29.6,73,0.0,12.1,3,Clouds generally forming or developing
2026-05-23,09:00:00,Sabah,Sandakan,5.8388,118.1173,31.0,64,0.0,9.2,3,Clouds generally forming or developing
2026-05-23,09:00:00,Sarawak,Bintulu,3.17,113.03,27.8,90,0.0,6.9,3,Clouds generally forming or developing
2026-05-23,09:00:00,Terengganu,Cukai,4.2332,103.4479,29.0,81,0.1,4.0,51,"Drizzle, not freezing, continuous 	slight at time of observation"
2026-05-23,09:00:00,Pahang,Kuala Lipis,4.184,102.042,28.4,82,0.0,1.9,3,Clouds generally forming or developing
2026-05-23,09:00:00,Johor,Batu Pahat,1.85,102.93,28.4,86,0.0,4.6,95,"Thunderstorm, slight or moderate, without hail** but with rain and/or snow at time of observation - Thunderstorm at time of observation"
2026-05-23,09:00:00,Sarawak,Miri,4.4028,113.9933,28.9,77,0.0,9.0,3,Clouds generally forming or developing
2026-05-23,09:00:00,Selangor,Shah Alam,3.0833,101.5333,29.9,73,0.0,2.7,2,State of sky on the whole unchanged
2026-05-23,09:00:00,Johor,Muar,2.05,102.56,29.1,80,0.0,5.8,95,"Thunderstorm, slight or moderate, without hail** but with rain and/or snow at time of observation - Thunderstorm at time of observation"
2026-05-23,09:00:00,Johor,Kluang,2.0336,103.3194,28.6,82,0.0,3.2,0,Cloud development not observed or not observable
2026-05-23,09:00:00,Kedah,Alor Setar,6.1167,100.3667,27.8,88,0.0,4.0,3,Clouds generally forming or developing
2026-05-23,09:00:00,Selangor,Klang,3.0333,101.45,30.0,75,0.0,2.1,2,State of sky on the whole unchanged
2026-05-23,08:00:00,Pahang,Kuala Lipis,4.184,102.042,26.5,91,0.0,4.0,3,Clouds generally forming or developing
2026-05-23,08:00:00,Sabah,Kota Kinabalu,5.975,116.0725,28.7,73,0.0,6.3,3,Clouds generally forming or developing
2026-05-23,08:00:00,Sarawak,Kuching,1.5397,110.3542,24.8,93,0.0,8.5,3,Clouds generally forming or developing
2026-05-23,08:00:00,Labuan,Labuan,5.2803,115.2475,28.9,78,0.0,13.2,3,Clouds generally forming or developing
2026-05-23,08:00:00,Pahang,Kuantan,3.8167,103.3333,26.2,96,0.2,1.5,51,"Drizzle, not freezing, continuous 	slight at time of observation"
2026-05-23,08:00:00,Selangor,Petaling Jaya,3.1073,101.6067,28.0,79,0.0,4.0,2,State of sky on the whole unchanged
2026-05-23,08:00:00,Perak,Taiping,4.85,100.7333,26.0,85,0.0,1.8,1,Clouds generally dissolving or becoming less developed
2026-05-23,08:00:00,Selangor,Shah Alam,3.0833,101.5333,28.0,83,0.0,4.7,2,State of sky on the whole unchanged
2026-05-23,08:00:00,Pulau Pinang,Bukit Mertajam,5.3631,100.4667,27.4,84,0.0,3.4,1,Clouds generally dissolving or becoming less developed
2026-05-23,08:00:00,Terengganu,Kuala Terengganu,5.3303,103.1408,27.2,90,0.0,4.3,3,Clouds generally forming or developing
2026-05-23,08:00:00,Johor,Batu Pahat,1.85,102.93,26.4,93,0.0,5.4,3,Clouds generally forming or developing
2026-05-23,08:00:00,Johor,Johor Bahru,1.4556,103.7611,25.7,98,0.0,3.3,3,Clouds generally forming or developing
2026-05-23,08:00:00,Kelantan,Kota Bharu,6.1333,102.25,28.0,85,0.0,7.4,3,Clouds generally forming or developing
2026-05-23,08:00:00,Johor,Muar,2.05,102.56,27.2,87,0.0,6.7,1,Clouds generally dissolving or becoming less developed
2026-05-23,08:00:00,Pulau Pinang,George Town,5.4145,100.3292,27.6,91,0.0,3.6,1,Clouds generally dissolving or becoming less developed
2026-05-23,08:00:00,Melaka,Melaka,2.1889,102.2511,26.8,89,0.1,8.5,51,"Drizzle, not freezing, continuous 	slight at time of observation"
2026-05-23,08:00:00,Selangor,Klang,3.0333,101.45,27.6,87,0.0,4.9,2,State of sky on the whole unchanged
2026-05-23,08:00:00,Pulau Pinang,Butterworth,5.3992,100.3639,27.4,84,0.0,3.4,1,Clouds generally dissolving or becoming less developed
2026-05-23,08:00:00,Sarawak,Miri,4.4028,113.9933,27.5,83,0.0,7.4,3,Clouds generally forming or developing
2026-05-23,08:00:00,Perlis,Kangar,6.4333,100.2,26.5,87,0.0,3.4,2,State of sky on the whole unchanged
2026-05-23,08:00:00,Sabah,Sandakan,5.8388,118.1173,30.0,70,0.0,10.2,3,Clouds generally forming or developing
2026-05-23,08:00:00,Kuala Lumpur,Kuala Lumpur,3.1478,101.6953,27.2,86,0.0,3.5,2,State of sky on the whole unchanged
2026-05-23,08:00:00,Terengganu,Cukai,4.2332,103.4479,27.5,86,0.0,0.9,3,Clouds generally forming or developing
2026-05-23,08:00:00,Pahang,Raub,3.7931,101.8569,26.5,76,0.0,2.7,2,State of sky on the whole unchanged
2026-05-23,08:00:00,Sabah,Tawau,4.2448,117.8911,28.3,79,0.0,8.8,3,Clouds generally forming or developing
2026-05-23,08:00:00,Johor,Kluang,2.0336,103.3194,26.5,93,0.0,3.3,3,Clouds generally forming or developing
2026-05-23,08:00:00,Sarawak,Bintulu,3.17,113.03,26.4,95,0.0,7.2,3,Clouds generally forming or developing
2026-05-23,08:00:00,Sabah,Lahad Datu,5.03,118.34,29.1,75,0.0,5.9,3,Clouds generally forming or developing
2026-05-23,08:00:00,Perak,Ipoh,4.6,101.07,27.5,68,0.0,6.0,1,Clouds generally dissolving or becoming less developed
2026-05-23,08:00:00,Sarawak,Sibu,2.3,111.8167,25.8,95,0.0,4.7,3,Clouds generally forming or developing
2026-05-23,08:00:00,Kedah,Alor Setar,6.1167,100.3667,25.4,95,0.0,6.2,2,State of sky on the whole unchanged
2026-05-23,08:00:00,Negeri Sembilan,Seremban,2.7297,101.9381,27.2,82,0.0,6.0,2,State of sky on the whole unchanged
2026-05-23,08:00:00,Perak,Teluk Intan,4.0259,101.0213,27.5,83,0.0,2.2,1,Clouds generally dissolving or becoming less developed
2026-05-23,07:00:00,Sabah,Sandakan,5.8388,118.1173,27.2,82,0.0,9.3,3,Clouds generally forming or developing
2026-05-23,07:00:00,Pahang,Kuantan,3.8167,103.3333,25.6,97,0.3,4.0,51,"Drizzle, not freezing, continuous 	slight at time of observation"
2026-05-23,07:00:00,Perak,Taiping,4.85,100.7333,25.6,78,0.0,2.7,1,Clouds generally dissolving or becoming less developed
2026-05-23,07:00:00,Negeri Sembilan,Seremban,2.7297,101.9381,26.2,86,0.0,6.4,1,Clouds generally dissolving or becoming less developed
2026-05-23,07:00:00,Johor,Batu Pahat,1.85,102.93,24.9,97,0.0,6.7,1,Clouds generally dissolving or becoming less developed
2026-05-23,07:00:00,Pulau Pinang,Bukit Mertajam,5.3631,100.4667,26.0,89,0.0,4.0,1,Clouds generally dissolving or becoming less developed
2026-05-23,07:00:00,Johor,Johor Bahru,1.4556,103.7611,24.0,100,0.0,4.7,3,Clouds generally forming or developing
2026-05-23,07:00:00,Johor,Muar,2.05,102.56,26.5,88,0.0,8.8,1,Clouds generally dissolving or becoming less developed
2026-05-23,07:00:00,Melaka,Melaka,2.1889,102.2511,25.9,89,0.1,10.1,51,"Drizzle, not freezing, continuous 	slight at time of observation"
2026-05-23,07:00:00,Selangor,Petaling Jaya,3.1073,101.6067,26.3,85,0.0,2.7,3,Clouds generally forming or developing
2026-05-23,07:00:00,Pahang,Raub,3.7931,101.8569,24.0,81,0.0,2.2,3,Clouds generally forming or developing
2026-05-23,07:00:00,Selangor,Klang,3.0333,101.45,26.4,90,0.0,4.2,3,Clouds generally forming or developing
2026-05-23,07:00:00,Kuala Lumpur,Kuala Lumpur,3.1478,101.6953,25.6,89,0.0,1.9,3,Clouds generally forming or developing
2026-05-23,07:00:00,Sabah,Lahad Datu,5.03,118.34,27.0,87,0.0,4.5,3,Clouds generally forming or developing
2026-05-23,07:00:00,Johor,Kluang,2.0336,103.3194,24.6,96,0.0,7.6,2,State of sky on the whole unchanged
2026-05-23,07:00:00,Sarawak,Bintulu,3.17,113.03,25.3,98,0.1,5.3,51,"Drizzle, not freezing, continuous 	slight at time of observation"
2026-05-23,07:00:00,Kelantan,Kota Bharu,6.1333,102.25,26.5,92,0.0,6.4,2,State of sky on the whole unchanged
2026-05-23,07:00:00,Perak,Ipoh,4.6,101.07,25.8,73,0.0,5.6,2,State of sky on the whole unchanged
2026-05-23,07:00:00,Selangor,Shah Alam,3.0833,101.5333,26.9,86,0.0,4.3,2,State of sky on the whole unchanged
2026-05-23,07:00:00,Pahang,Kuala Lipis,4.184,102.042,24.6,98,0.0,3.0,3,Clouds generally forming or developing
2026-05-23,07:00:00,Sabah,Kota Kinabalu,5.975,116.0725,27.1,77,0.0,5.1,3,Clouds generally forming or developing
2026-05-23,07:00:00,Sabah,Tawau,4.2448,117.8911,26.5,84,0.0,11.7,3,Clouds generally forming or developing
2026-05-23,07:00:00,Perlis,Kangar,6.4333,100.2,25.1,92,0.0,3.6,3,Clouds generally forming or developing
2026-05-23,07:00:00,Perak,Teluk Intan,4.0259,101.0213,26.0,91,0.0,3.4,0,Cloud development not observed or not observable
2026-05-23,07:00:00,Pulau Pinang,George Town,5.4145,100.3292,26.9,94,0.0,2.3,95,"Thunderstorm, slight or moderate, without hail** but with rain and/or snow at time of observation - Thunderstorm at time of observation"
2026-05-23,07:00:00,Sarawak,Kuching,1.5397,110.3542,23.8,97,0.0,7.8,3,Clouds generally forming or developing
2026-05-23,07:00:00,Sarawak,Miri,4.4028,113.9933,25.4,88,0.0,7.4,3,Clouds generally forming or developing
2026-05-23,07:00:00,Terengganu,Kuala Terengganu,5.3303,103.1408,25.2,99,0.0,5.1,3,Clouds generally forming or developing
2026-05-23,07:00:00,Terengganu,Cukai,4.2332,103.4479,26.4,97,0.0,2.7,3,Clouds generally forming or developing
2026-05-23,07:00:00,Labuan,Labuan,5.2803,115.2475,28.2,78,0.0,14.6,3,Clouds generally forming or developing
2026-05-23,07:00:00,Pulau Pinang,Butterworth,5.3992,100.3639,26.1,89,0.0,4.0,1,Clouds generally dissolving or becoming less developed
2026-05-23,07:00:00,Kedah,Alor Setar,6.1167,100.3667,24.2,99,0.0,4.8,3,Clouds generally forming or developing
2026-05-23,07:00:00,Sarawak,Sibu,2.3,111.8167,24.5,97,0.0,5.0,3,Clouds generally forming or developing
2026-05-23,06:00:00,Perlis,Kangar,6.4333,100.2,25.2,91,0.0,3.6,2,State of sky on the whole unchanged
2026-05-23,06:00:00,Johor,Johor Bahru,1.4556,103.7611,24.1,99,0.0,3.8,3,Clouds generally forming or developing
2026-05-23,06:00:00,Johor,Kluang,2.0336,103.3194,24.9,96,0.0,2.6,3,Clouds generally forming or developing
2026-05-23,06:00:00,Sabah,Tawau,4.2448,117.8911,25.6,88,0.0,10.0,3,Clouds generally forming or developing
2026-05-23,06:00:00,Kuala Lumpur,Kuala Lumpur,3.1478,101.6953,25.8,88,0.0,2.7,3,Clouds generally forming or developing
2026-05-23,06:00:00,Terengganu,Kuala Terengganu,5.3303,103.1408,25.3,98,0.0,4.1,3,Clouds generally forming or developing
2026-05-23,06:00:00,Johor,Muar,2.05,102.56,26.6,88,0.0,8.7,1,Clouds generally dissolving or becoming less developed
2026-05-23,06:00:00,Perak,Teluk Intan,4.0259,101.0213,26.2,91,0.0,3.9,1,Clouds generally dissolving or becoming less developed
2026-05-23,06:00:00,Perak,Ipoh,4.6,101.07,26.4,72,0.0,5.1,3,Clouds generally forming or developing
2026-05-23,06:00:00,Pahang,Kuantan,3.8167,103.3333,25.8,95,1.2,2.0,55,"Drizzle, not freezing, continuous heavy (dense) at time of observation"
2026-05-23,06:00:00,Sarawak,Miri,4.4028,113.9933,24.8,90,0.0,7.4,3,Clouds generally forming or developing
2026-05-23,06:00:00,Sarawak,Bintulu,3.17,113.03,25.1,98,0.1,6.6,51,"Drizzle, not freezing, continuous 	slight at time of observation"
2026-05-23,06:00:00,Selangor,Shah Alam,3.0833,101.5333,27.1,86,0.0,4.5,3,Clouds generally forming or developing
2026-05-23,06:00:00,Sabah,Kota Kinabalu,5.975,116.0725,25.8,80,0.0,5.1,3,Clouds generally forming or developing
2026-05-23,06:00:00,Selangor,Petaling Jaya,3.1073,101.6067,26.5,85,0.0,3.2,3,Clouds generally forming or developing
2026-05-23,06:00:00,Selangor,Klang,3.0333,101.45,26.5,90,0.0,5.0,2,State of sky on the whole unchanged
2026-05-23,06:00:00,Johor,Batu Pahat,1.85,102.93,25.0,96,0.0,5.6,1,Clouds generally dissolving or becoming less developed
2026-05-23,06:00:00,Sarawak,Sibu,2.3,111.8167,24.2,98,0.0,4.5,3,Clouds generally forming or developing
2026-05-23,06:00:00,Sabah,Lahad Datu,5.03,118.34,25.4,91,0.0,4.5,3,Clouds generally forming or developing
2026-05-23,06:00:00,Pulau Pinang,Bukit Mertajam,5.3631,100.4667,26.3,89,0.0,4.2,2,State of sky on the whole unchanged
2026-05-23,06:00:00,Pahang,Raub,3.7931,101.8569,24.3,80,0.0,2.0,3,Clouds generally forming or developing
2026-05-23,06:00:00,Labuan,Labuan,5.2803,115.2475,27.9,77,0.0,14.8,3,Clouds generally forming or developing
2026-05-23,06:00:00,Negeri Sembilan,Seremban,2.7297,101.9381,26.5,86,0.0,6.0,3,Clouds generally forming or developing
2026-05-23,06:00:00,Pulau Pinang,George Town,5.4145,100.3292,27.2,90,0.0,1.1,2,State of sky on the whole unchanged
2026-05-23,06:00:00,Kedah,Alor Setar,6.1167,100.3667,24.6,98,0.0,4.6,3,Clouds generally forming or developing
2026-05-23,06:00:00,Pahang,Kuala Lipis,4.184,102.042,24.9,96,0.0,1.8,3,Clouds generally forming or developing
2026-05-23,06:00:00,Pulau Pinang,Butterworth,5.3992,100.3639,26.4,89,0.0,4.2,2,State of sky on the whole unchanged
2026-05-23,06:00:00,Sarawak,Kuching,1.5397,110.3542,23.8,97,0.0,6.6,3,Clouds generally forming or developing
2026-05-23,06:00:00,Sabah,Sandakan,5.8388,118.1173,26.2,87,0.0,9.0,3,Clouds generally forming or developing
2026-05-23,06:00:00,Melaka,Melaka,2.1889,102.2511,25.9,89,0.0,8.2,2,State of sky on the whole unchanged
2026-05-23,06:00:00,Terengganu,Cukai,4.2332,103.4479,26.5,96,0.0,1.3,3,Clouds generally forming or developing
2026-05-23,06:00:00,Kelantan,Kota Bharu,6.1333,102.25,26.6,91,0.0,7.2,3,Clouds generally forming or developing
2026-05-23,06:00:00,Perak,Taiping,4.85,100.7333,25.9,76,0.0,4.6,1,Clouds generally dissolving or becoming less developed
2026-05-23,05:00:00,Terengganu,Kuala Terengganu,5.3303,103.1408,25.6,97,0.0,3.0,2,State of sky on the whole unchanged
2026-05-23,05:00:00,Sarawak,Sibu,2.3,111.8167,24.2,98,0.0,3.2,3,Clouds generally forming or developing
2026-05-23,05:00:00,Kedah,Alor Setar,6.1167,100.3667,25.0,96,0.0,3.9,3,Clouds generally forming or developing
2026-05-23,05:00:00,Pulau Pinang,Butterworth,5.3992,100.3639,26.7,87,0.0,3.5,2,State of sky on the whole unchanged
2026-05-23,05:00:00,Sabah,Lahad Datu,5.03,118.34,25.3,92,0.0,3.8,3,Clouds generally forming or developing
2026-05-23,05:00:00,Labuan,Labuan,5.2803,115.2475,28.0,78,0.0,13.9,3,Clouds generally forming or developing
2026-05-23,05:00:00,Perak,Ipoh,4.6,101.07,26.8,72,0.0,5.6,3,Clouds generally forming or developing
2026-05-23,05:00:00,Pahang,Kuala Lipis,4.184,102.042,25.4,94,0.0,2.3,3,Clouds generally forming or developing
2026-05-23,05:00:00,Perak,Teluk Intan,4.0259,101.0213,26.5,91,0.0,3.8,3,Clouds generally forming or developing
2026-05-23,05:00:00,Johor,Batu Pahat,1.85,102.93,25.2,94,0.0,5.2,1,Clouds generally dissolving or becoming less developed
2026-05-23,05:00:00,Perak,Taiping,4.85,100.7333,26.2,74,0.0,5.0,2,State of sky on the whole unchanged
2026-05-23,05:00:00,Selangor,Klang,3.0333,101.45,26.6,88,0.0,5.1,1,Clouds generally dissolving or becoming less developed
2026-05-23,05:00:00,Sabah,Tawau,4.2448,117.8911,25.6,88,0.0,7.5,3,Clouds generally forming or developing
2026-05-23,05:00:00,Selangor,Petaling Jaya,3.1073,101.6067,26.8,86,0.0,3.6,2,State of sky on the whole unchanged
2026-05-23,05:00:00,Kuala Lumpur,Kuala Lumpur,3.1478,101.6953,26.0,88,0.0,3.5,3,Clouds generally forming or developing
2026-05-23,05:00:00,Selangor,Shah Alam,3.0833,101.5333,27.2,86,0.0,4.1,1,Clouds generally dissolving or becoming less developed
2026-05-23,05:00:00,Pahang,Raub,3.7931,101.8569,24.8,77,0.0,1.8,2,State of sky on the whole unchanged
2026-05-23,05:00:00,Sarawak,Kuching,1.5397,110.3542,23.8,97,0.0,6.4,3,Clouds generally forming or developing
2026-05-23,05:00:00,Johor,Muar,2.05,102.56,26.8,86,0.0,7.6,2,State of sky on the whole unchanged
2026-05-23,05:00:00,Terengganu,Cukai,4.2332,103.4479,26.5,97,0.3,1.8,51,"Drizzle, not freezing, continuous 	slight at time of observation"
2026-05-23,05:00:00,Sarawak,Bintulu,3.17,113.03,25.1,98,0.4,8.1,51,"Drizzle, not freezing, continuous 	slight at time of observation"
2026-05-23,05:00:00,Kelantan,Kota Bharu,6.1333,102.25,26.9,88,0.0,6.2,3,Clouds generally forming or developing
2026-05-23,05:00:00,Pulau Pinang,Bukit Mertajam,5.3631,100.4667,26.6,87,0.0,3.5,2,State of sky on the whole unchanged
2026-05-23,05:00:00,Pulau Pinang,George Town,5.4145,100.3292,27.2,91,0.0,1.8,1,Clouds generally dissolving or becoming less developed
2026-05-23,05:00:00,Johor,Johor Bahru,1.4556,103.7611,24.1,100,0.0,2.5,3,Clouds generally forming or developing
2026-05-23,05:00:00,Perlis,Kangar,6.4333,100.2,25.6,90,0.0,3.4,3,Clouds generally forming or developing
2026-05-23,05:00:00,Pahang,Kuantan,3.8167,103.3333,25.4,96,1.6,5.0,80,"Rain shower(s), slight"
2026-05-23,05:00:00,Negeri Sembilan,Seremban,2.7297,101.9381,27.0,83,0.0,4.4,2,State of sky on the whole unchanged
2026-05-23,05:00:00,Sabah,Sandakan,5.8388,118.1173,26.4,87,0.0,10.2,3,Clouds generally forming or developing
2026-05-23,05:00:00,Johor,Kluang,2.0336,103.3194,24.9,96,0.0,2.3,1,Clouds generally dissolving or becoming less developed
2026-05-23,05:00:00,Melaka,Melaka,2.1889,102.2511,26.2,87,0.0,7.3,3,Clouds generally forming or developing
2026-05-23,05:00:00,Sabah,Kota Kinabalu,5.975,116.0725,25.6,81,0.0,6.0,3,Clouds generally forming or developing
2026-05-23,05:00:00,Sarawak,Miri,4.4028,113.9933,25.0,91,0.0,9.7,3,Clouds generally forming or developing
2026-05-23,04:00:00,Kuala Lumpur,Kuala Lumpur,3.1478,101.6953,26.4,89,0.0,3.8,1,Clouds generally dissolving or becoming less developed
2026-05-23,04:00:00,Sarawak,Bintulu,3.17,113.03,25.3,97,0.1,7.7,51,"Drizzle, not freezing, continuous 	slight at time of observation"
2026-05-23,04:00:00,Sabah,Tawau,4.2448,117.8911,25.7,90,0.0,10.3,2,State of sky on the whole unchanged
2026-05-23,04:00:00,Johor,Johor Bahru,1.4556,103.7611,24.3,99,0.0,2.4,2,State of sky on the whole unchanged
2026-05-23,04:00:00,Kelantan,Kota Bharu,6.1333,102.25,27.1,85,0.0,4.9,2,State of sky on the whole unchanged
2026-05-23,04:00:00,Melaka,Melaka,2.1889,102.2511,26.4,85,0.0,7.8,2,State of sky on the whole unchanged
2026-05-23,04:00:00,Kedah,Alor Setar,6.1167,100.3667,25.2,96,0.0,4.3,3,Clouds generally forming or developing
2026-05-23,04:00:00,Pahang,Raub,3.7931,101.8569,25.1,77,0.0,0.5,1,Clouds generally dissolving or becoming less developed
2026-05-23,04:00:00,Selangor,Klang,3.0333,101.45,27.2,84,0.0,2.8,1,Clouds generally dissolving or becoming less developed
2026-05-23,04:00:00,Perak,Ipoh,4.6,101.07,26.9,73,0.0,6.3,2,State of sky on the whole unchanged
2026-05-23,04:00:00,Negeri Sembilan,Seremban,2.7297,101.9381,27.5,81,0.0,1.9,2,State of sky on the whole unchanged
2026-05-23,04:00:00,Sarawak,Miri,4.4028,113.9933,25.1,91,0.0,9.8,3,Clouds generally forming or developing
2026-05-23,04:00:00,Perak,Teluk Intan,4.0259,101.0213,26.8,89,0.0,3.6,1,Clouds generally dissolving or becoming less developed
2026-05-23,04:00:00,Sabah,Lahad Datu,5.03,118.34,25.1,93,0.0,3.5,3,Clouds generally forming or developing
2026-05-23,04:00:00,Sarawak,Kuching,1.5397,110.3542,24.0,98,0.0,6.8,3,Clouds generally forming or developing
2026-05-23,04:00:00,Pulau Pinang,Bukit Mertajam,5.3631,100.4667,26.9,86,0.0,3.7,3,Clouds generally forming or developing
2026-05-23,04:00:00,Labuan,Labuan,5.2803,115.2475,27.9,80,0.0,11.8,3,Clouds generally forming or developing
2026-05-23,04:00:00,Pahang,Kuala Lipis,4.184,102.042,26.1,88,0.0,0.7,2,State of sky on the whole unchanged
2026-05-23,04:00:00,Terengganu,Kuala Terengganu,5.3303,103.1408,25.8,96,0.0,2.9,3,Clouds generally forming or developing
2026-05-23,04:00:00,Perlis,Kangar,6.4333,100.2,25.7,90,0.0,4.0,3,Clouds generally forming or developing
2026-05-23,04:00:00,Johor,Muar,2.05,102.56,26.9,85,0.0,6.0,3,Clouds generally forming or developing
2026-05-23,04:00:00,Johor,Kluang,2.0336,103.3194,24.9,96,0.0,2.2,1,Clouds generally dissolving or becoming less developed
2026-05-23,04:00:00,Sarawak,Sibu,2.3,111.8167,24.2,98,0.0,3.3,3,Clouds generally forming or developing
2026-05-23,04:00:00,Johor,Batu Pahat,1.85,102.93,25.5,92,0.0,3.6,1,Clouds generally dissolving or becoming less developed
2026-05-23,04:00:00,Pulau Pinang,George Town,5.4145,100.3292,27.1,91,0.0,1.8,3,Clouds generally forming or developing
2026-05-23,04:00:00,Sabah,Sandakan,5.8388,118.1173,26.6,85,0.0,9.9,3,Clouds generally forming or developing
2026-05-23,04:00:00,Sabah,Kota Kinabalu,5.975,116.0725,25.5,81,0.0,4.6,3,Clouds generally forming or developing
2026-05-23,04:00:00,Pulau Pinang,Butterworth,5.3992,100.3639,27.0,86,0.0,3.7,3,Clouds generally forming or developing
2026-05-23,04:00:00,Terengganu,Cukai,4.2332,103.4479,26.1,99,0.5,3.7,53,"Drizzle, not freezing, continuous 	moderate at time of observation"
2026-05-23,04:00:00,Perak,Taiping,4.85,100.7333,26.5,73,0.0,4.1,3,Clouds generally forming or developing
2026-05-23,04:00:00,Selangor,Petaling Jaya,3.1073,101.6067,27.1,87,0.0,3.2,1,Clouds generally dissolving or becoming less developed
2026-05-23,04:00:00,Pahang,Kuantan,3.8167,103.3333,25.5,95,0.1,8.1,81,"Rain shower(s), moderate or heavy"
2026-05-23,04:00:00,Selangor,Shah Alam,3.0833,101.5333,27.7,82,0.0,2.8,1,Clouds generally dissolving or becoming less developed
2026-05-23,03:00:00,Selangor,Shah Alam,3.0833,101.5333,28.1,80,0.0,2.3,2,State of sky on the whole unchanged
2026-05-23,03:00:00,Pahang,Kuantan,3.8167,103.3333,26.1,93,0.3,3.1,51,"Drizzle, not freezing, continuous 	slight at time of observation"
2026-05-23,03:00:00,Johor,Johor Bahru,1.4556,103.7611,24.6,97,0.0,2.5,1,Clouds generally dissolving or becoming less developed
2026-05-23,03:00:00,Sabah,Lahad Datu,5.03,118.34,25.2,94,0.0,3.2,3,Clouds generally forming or developing
2026-05-23,03:00:00,Terengganu,Cukai,4.2332,103.4479,25.9,97,0.4,6.5,80,"Rain shower(s), slight"
2026-05-23,03:00:00,Sarawak,Kuching,1.5397,110.3542,24.1,98,0.0,7.3,3,Clouds generally forming or developing
2026-05-23,03:00:00,Melaka,Melaka,2.1889,102.2511,26.8,85,0.0,8.6,1,Clouds generally dissolving or becoming less developed
2026-05-23,03:00:00,Kedah,Alor Setar,6.1167,100.3667,25.4,96,0.0,4.7,3,Clouds generally forming or developing
2026-05-23,03:00:00,Johor,Kluang,2.0336,103.3194,25.5,93,0.0,3.1,0,Cloud development not observed or not observable
2026-05-23,03:00:00,Pahang,Kuala Lipis,4.184,102.042,26.8,84,0.0,0.4,3,Clouds generally forming or developing
2026-05-23,03:00:00,Selangor,Petaling Jaya,3.1073,101.6067,27.6,85,0.0,2.9,1,Clouds generally dissolving or becoming less developed
2026-05-23,03:00:00,Sabah,Sandakan,5.8388,118.1173,26.7,85,0.0,11.0,3,Clouds generally forming or developing
2026-05-23,03:00:00,Perak,Ipoh,4.6,101.07,27.2,72,0.0,3.8,2,State of sky on the whole unchanged
2026-05-23,03:00:00,Kelantan,Kota Bharu,6.1333,102.25,27.2,85,0.0,6.3,2,State of sky on the whole unchanged
2026-05-23,03:00:00,Negeri Sembilan,Seremban,2.7297,101.9381,27.5,84,0.0,2.7,1,Clouds generally dissolving or becoming less developed
2026-05-23,03:00:00,Labuan,Labuan,5.2803,115.2475,27.9,80,0.0,11.8,3,Clouds generally forming or developing
2026-05-23,03:00:00,Terengganu,Kuala Terengganu,5.3303,103.1408,26.0,95,0.0,2.8,3,Clouds generally forming or developing
2026-05-23,03:00:00,Johor,Muar,2.05,102.56,27.0,83,0.0,7.5,2,State of sky on the whole unchanged
2026-05-23,03:00:00,Pahang,Raub,3.7931,101.8569,25.5,76,0.0,0.5,2,State of sky on the whole unchanged
2026-05-23,03:00:00,Perak,Taiping,4.85,100.7333,26.5,75,0.0,4.2,3,Clouds generally forming or developing
2026-05-23,03:00:00,Kuala Lumpur,Kuala Lumpur,3.1478,101.6953,26.6,91,0.0,4.6,1,Clouds generally dissolving or becoming less developed
2026-05-23,03:00:00,Perak,Teluk Intan,4.0259,101.0213,27.4,84,0.0,0.4,1,Clouds generally dissolving or becoming less developed
2026-05-23,03:00:00,Pulau Pinang,Butterworth,5.3992,100.3639,27.1,87,0.0,3.8,3,Clouds generally forming or developing
2026-05-23,03:00:00,Sabah,Tawau,4.2448,117.8911,25.7,92,0.0,9.3,2,State of sky on the whole unchanged
2026-05-23,03:00:00,Johor,Batu Pahat,1.85,102.93,26.0,88,0.0,3.9,2,State of sky on the whole unchanged
2026-05-23,03:00:00,Pulau Pinang,George Town,5.4145,100.3292,27.3,91,0.0,0.5,3,Clouds generally forming or developing
2026-05-23,03:00:00,Sarawak,Miri,4.4028,113.9933,25.2,91,0.0,11.3,3,Clouds generally forming or developing
2026-05-23,03:00:00,Selangor,Klang,3.0333,101.45,27.5,85,0.0,2.0,2,State of sky on the whole unchanged
2026-05-23,03:00:00,Sarawak,Bintulu,3.17,113.03,25.7,96,0.1,6.1,51,"Drizzle, not freezing, continuous 	slight at time of observation"
2026-05-23,03:00:00,Sarawak,Sibu,2.3,111.8167,24.4,98,0.0,6.8,3,Clouds generally forming or developing
2026-05-23,03:00:00,Perlis,Kangar,6.4333,100.2,25.9,89,0.0,4.3,3,Clouds generally forming or developing
2026-05-23,03:00:00,Pulau Pinang,Bukit Mertajam,5.3631,100.4667,27.0,87,0.0,3.8,3,Clouds generally forming or developing
2026-05-23,03:00:00,Sabah,Kota Kinabalu,5.975,116.0725,25.5,82,0.0,4.8,3,Clouds generally forming or developing
2026-05-23,02:00:00,Selangor,Klang,3.0333,101.45,27.7,84,0.0,3.8,2,State of sky on the whole unchanged
2026-05-23,02:00:00,Perak,Teluk Intan,4.0259,101.0213,27.4,84,0.0,0.9,0,Cloud development not observed or not observable
2026-05-23,02:00:00,Kuala Lumpur,Kuala Lumpur,3.1478,101.6953,27.5,90,0.0,1.6,1,Clouds generally dissolving or becoming less developed
2026-05-23,02:00:00,Kelantan,Kota Bharu,6.1333,102.25,27.4,89,0.0,7.3,1,Clouds generally dissolving or becoming less developed
2026-05-23,02:00:00,Perak,Ipoh,4.6,101.07,27.6,70,0.0,2.9,2,State of sky on the whole unchanged
2026-05-23,02:00:00,Selangor,Petaling Jaya,3.1073,101.6067,28.4,82,0.0,1.0,2,State of sky on the whole unchanged
2026-05-23,02:00:00,Pulau Pinang,Bukit Mertajam,5.3631,100.4667,27.5,85,0.0,3.1,3,Clouds generally forming or developing
2026-05-23,02:00:00,Pulau Pinang,George Town,5.4145,100.3292,27.5,92,0.0,0.6,3,Clouds generally forming or developing
2026-05-23,02:00:00,Melaka,Melaka,2.1889,102.2511,27.2,87,0.1,6.1,51,"Drizzle, not freezing, continuous 	slight at time of observation"
2026-05-23,02:00:00,Sabah,Kota Kinabalu,5.975,116.0725,25.6,83,0.0,5.4,3,Clouds generally forming or developing
2026-05-23,02:00:00,Sabah,Sandakan,5.8388,118.1173,27.0,87,0.0,10.9,3,Clouds generally forming or developing
2026-05-23,02:00:00,Pulau Pinang,Butterworth,5.3992,100.3639,27.5,85,0.0,3.1,3,Clouds generally forming or developing
2026-05-23,02:00:00,Sarawak,Kuching,1.5397,110.3542,24.3,98,0.0,7.3,3,Clouds generally forming or developing
2026-05-23,02:00:00,Terengganu,Cukai,4.2332,103.4479,26.6,92,0.0,4.2,3,Clouds generally forming or developing
2026-05-23,02:00:00,Terengganu,Kuala Terengganu,5.3303,103.1408,26.3,94,0.0,2.2,3,Clouds generally forming or developing
2026-05-23,02:00:00,Labuan,Labuan,5.2803,115.2475,27.8,83,0.0,10.4,3,Clouds generally forming or developing
2026-05-23,02:00:00,Pahang,Raub,3.7931,101.8569,26.0,75,0.0,1.5,2,State of sky on the whole unchanged
2026-05-23,02:00:00,Johor,Johor Bahru,1.4556,103.7611,25.2,96,0.0,2.5,3,Clouds generally forming or developing
2026-05-23,02:00:00,Sarawak,Sibu,2.3,111.8167,24.8,98,0.0,6.7,3,Clouds generally forming or developing
2026-05-23,02:00:00,Perlis,Kangar,6.4333,100.2,26.2,86,0.0,4.6,2,State of sky on the whole unchanged
2026-05-23,02:00:00,Perak,Taiping,4.85,100.7333,26.6,76,0.0,4.1,3,Clouds generally forming or developing
2026-05-23,02:00:00,Sabah,Lahad Datu,5.03,118.34,25.3,94,0.0,2.4,3,Clouds generally forming or developing
2026-05-23,02:00:00,Johor,Muar,2.05,102.56,27.5,79,0.0,8.6,2,State of sky on the whole unchanged
2026-05-23,02:00:00,Sabah,Tawau,4.2448,117.8911,25.8,94,0.0,8.2,3,Clouds generally forming or developing
2026-05-23,02:00:00,Johor,Batu Pahat,1.85,102.93,26.4,85,0.0,4.6,51,"Drizzle, not freezing, continuous 	slight at time of observation"
2026-05-23,02:00:00,Sarawak,Miri,4.4028,113.9933,25.5,91,0.0,12.1,3,Clouds generally forming or developing
2026-05-23,02:00:00,Sarawak,Bintulu,3.17,113.03,25.9,95,0.0,5.8,3,Clouds generally forming or developing
2026-05-23,02:00:00,Negeri Sembilan,Seremban,2.7297,101.9381,28.0,84,0.0,2.2,2,State of sky on the whole unchanged
2026-05-23,02:00:00,Kedah,Alor Setar,6.1167,100.3667,25.7,94,0.0,4.1,3,Clouds generally forming or developing
2026-05-23,02:00:00,Pahang,Kuantan,3.8167,103.3333,26.2,92,0.0,5.6,3,Clouds generally forming or developing
2026-05-23,02:00:00,Johor,Kluang,2.0336,103.3194,26.0,90,0.0,3.5,3,Clouds generally forming or developing
2026-05-23,02:00:00,Selangor,Shah Alam,3.0833,101.5333,28.3,79,0.0,3.5,2,State of sky on the whole unchanged
2026-05-23,02:00:00,Pahang,Kuala Lipis,4.184,102.042,27.1,83,0.0,0.9,3,Clouds generally forming or developing
2026-05-23,01:00:00,Sabah,Kota Kinabalu,5.975,116.0725,25.7,81,0.0,4.5,3,Clouds generally forming or developing
2026-05-23,01:00:00,Negeri Sembilan,Seremban,2.7297,101.9381,27.3,88,0.0,2.1,3,Clouds generally forming or developing
2026-05-23,01:00:00,Sabah,Sandakan,5.8388,118.1173,27.2,88,0.0,9.7,3,Clouds generally forming or developing
2026-05-23,01:00:00,Melaka,Melaka,2.1889,102.2511,27.2,86,0.0,4.1,3,Clouds generally forming or developing
2026-05-23,01:00:00,Pahang,Kuantan,3.8167,103.3333,26.5,91,0.0,5.3,2,State of sky on the whole unchanged
2026-05-23,01:00:00,Johor,Kluang,2.0336,103.3194,26.3,90,0.0,3.8,3,Clouds generally forming or developing
2026-05-23,01:00:00,Pahang,Kuala Lipis,4.184,102.042,26.9,82,0.0,0.9,3,Clouds generally forming or developing
2026-05-23,01:00:00,Sarawak,Kuching,1.5397,110.3542,24.5,99,0.0,5.8,3,Clouds generally forming or developing
2026-05-23,01:00:00,Labuan,Labuan,5.2803,115.2475,27.8,83,0.0,10.7,3,Clouds generally forming or developing
2026-05-23,01:00:00,Perak,Taiping,4.85,100.7333,26.9,78,0.0,2.3,3,Clouds generally forming or developing
2026-05-23,01:00:00,Sarawak,Miri,4.4028,113.9933,25.8,90,0.0,11.1,3,Clouds generally forming or developing
2026-05-23,01:00:00,Sabah,Tawau,4.2448,117.8911,26.6,91,0.0,7.2,3,Clouds generally forming or developing
2026-05-23,01:00:00,Sarawak,Bintulu,3.17,113.03,25.7,96,0.0,4.3,3,Clouds generally forming or developing
2026-05-23,01:00:00,Pulau Pinang,Bukit Mertajam,5.3631,100.4667,27.9,84,0.0,2.6,3,Clouds generally forming or developing
2026-05-23,01:00:00,Terengganu,Kuala Terengganu,5.3303,103.1408,26.4,94,0.0,3.1,0,Cloud development not observed or not observable
2026-05-23,01:00:00,Sarawak,Sibu,2.3,111.8167,25.0,99,0.0,5.9,3,Clouds generally forming or developing
2026-05-23,01:00:00,Johor,Muar,2.05,102.56,27.9,79,0.0,6.7,3,Clouds generally forming or developing
2026-05-23,01:00:00,Perak,Ipoh,4.6,101.07,28.1,68,0.0,2.1,3,Clouds generally forming or developing
2026-05-23,01:00:00,Kedah,Alor Setar,6.1167,100.3667,26.1,90,0.0,4.6,2,State of sky on the whole unchanged
2026-05-23,01:00:00,Pahang,Raub,3.7931,101.8569,25.8,75,0.0,3.1,2,State of sky on the whole unchanged
2026-05-23,01:00:00,Perlis,Kangar,6.4333,100.2,26.5,81,0.0,5.5,1,Clouds generally dissolving or becoming less developed
2026-05-23,01:00:00,Selangor,Shah Alam,3.0833,101.5333,28.4,82,0.0,3.5,3,Clouds generally forming or developing
2026-05-23,01:00:00,Kuala Lumpur,Kuala Lumpur,3.1478,101.6953,27.1,90,0.0,1.1,2,State of sky on the whole unchanged
2026-05-23,01:00:00,Selangor,Klang,3.0333,101.45,27.7,85,0.0,4.2,3,Clouds generally forming or developing
2026-05-23,01:00:00,Terengganu,Cukai,4.2332,103.4479,26.6,92,0.0,4.4,2,State of sky on the whole unchanged
2026-05-23,01:00:00,Sabah,Lahad Datu,5.03,118.34,25.7,94,0.0,1.5,2,State of sky on the whole unchanged
2026-05-23,01:00:00,Pulau Pinang,Butterworth,5.3992,100.3639,27.9,84,0.0,2.6,3,Clouds generally forming or developing
2026-05-23,01:00:00,Perak,Teluk Intan,4.0259,101.0213,27.5,85,0.0,1.9,1,Clouds generally dissolving or becoming less developed
2026-05-23,01:00:00,Johor,Batu Pahat,1.85,102.93,26.2,86,0.0,6.8,51,"Drizzle, not freezing, continuous 	slight at time of observation"
2026-05-23,01:00:00,Pulau Pinang,George Town,5.4145,100.3292,28.1,88,0.0,1.1,3,Clouds generally forming or developing
2026-05-23,01:00:00,Kelantan,Kota Bharu,6.1333,102.25,27.7,89,0.0,7.0,2,State of sky on the whole unchanged
2026-05-23,01:00:00,Selangor,Petaling Jaya,3.1073,101.6067,28.2,84,0.0,1.6,3,Clouds generally forming or developing
2026-05-23,01:00:00,Johor,Johor Bahru,1.4556,103.7611,26.0,93,0.0,2.8,2,State of sky on the whole unchanged
2026-05-23,00:00:00,Kedah,Alor Setar,6.1167,100.3667,26.8,85,0.0,4.5,2,State of sky on the whole unchanged
2026-05-23,00:00:00,Terengganu,Kuala Terengganu,5.3303,103.1408,26.7,95,0.0,4.8,2,State of sky on the whole unchanged
2026-05-23,00:00:00,Labuan,Labuan,5.2803,115.2475,27.6,86,0.0,8.5,3,Clouds generally forming or developing
2026-05-23,00:00:00,Sabah,Lahad Datu,5.03,118.34,25.9,95,0.0,1.3,2,State of sky on the whole unchanged
2026-05-23,00:00:00,Sarawak,Miri,4.4028,113.9933,25.9,91,0.0,10.0,3,Clouds generally forming or developing
2026-05-23,00:00:00,Sabah,Tawau,4.2448,117.8911,26.7,88,0.0,4.5,2,State of sky on the whole unchanged
2026-05-23,00:00:00,Sarawak,Bintulu,3.17,113.03,26.0,95,0.0,5.6,3,Clouds generally forming or developing
2026-05-23,00:00:00,Perak,Taiping,4.85,100.7333,26.8,80,0.0,2.3,3,Clouds generally forming or developing
2026-05-23,00:00:00,Perak,Teluk Intan,4.0259,101.0213,27.5,85,0.0,2.3,3,Clouds generally forming or developing
2026-05-23,00:00:00,Pulau Pinang,Bukit Mertajam,5.3631,100.4667,27.6,85,0.0,3.2,3,Clouds generally forming or developing
2026-05-23,00:00:00,Johor,Kluang,2.0336,103.3194,26.4,90,0.0,4.1,3,Clouds generally forming or developing
2026-05-23,00:00:00,Sarawak,Sibu,2.3,111.8167,25.4,99,0.0,6.6,3,Clouds generally forming or developing
2026-05-23,00:00:00,Johor,Johor Bahru,1.4556,103.7611,26.2,92,0.0,3.3,3,Clouds generally forming or developing
2026-05-23,00:00:00,Terengganu,Cukai,4.2332,103.4479,26.9,91,0.0,5.3,1,Clouds generally dissolving or becoming less developed
2026-05-23,00:00:00,Johor,Muar,2.05,102.56,28.1,81,0.0,3.4,3,Clouds generally forming or developing
2026-05-23,00:00:00,Kelantan,Kota Bharu,6.1333,102.25,28.3,85,0.0,5.8,3,Clouds generally forming or developing
2026-05-23,00:00:00,Selangor,Shah Alam,3.0833,101.5333,28.1,84,0.0,3.5,3,Clouds generally forming or developing
2026-05-23,00:00:00,Melaka,Melaka,2.1889,102.2511,27.8,83,0.0,4.8,3,Clouds generally forming or developing
2026-05-23,00:00:00,Sabah,Kota Kinabalu,5.975,116.0725,25.7,82,0.0,4.8,3,Clouds generally forming or developing
2026-05-23,00:00:00,Selangor,Petaling Jaya,3.1073,101.6067,28.5,82,0.0,2.4,3,Clouds generally forming or developing
2026-05-23,00:00:00,Negeri Sembilan,Seremban,2.7297,101.9381,27.2,90,0.0,2.7,3,Clouds generally forming or developing
2026-05-23,00:00:00,Pulau Pinang,George Town,5.4145,100.3292,28.4,84,0.0,1.1,3,Clouds generally forming or developing
2026-05-23,00:00:00,Sabah,Sandakan,5.8388,118.1173,27.3,89,0.0,9.3,3,Clouds generally forming or developing
2026-05-23,00:00:00,Pulau Pinang,Butterworth,5.3992,100.3639,27.7,85,0.0,3.2,3,Clouds generally forming or developing
2026-05-23,00:00:00,Johor,Batu Pahat,1.85,102.93,26.6,85,0.0,5.6,3,Clouds generally forming or developing
2026-05-23,00:00:00,Perak,Ipoh,4.6,101.07,28.8,65,0.0,2.3,3,Clouds generally forming or developing
2026-05-23,00:00:00,Pahang,Kuala Lipis,4.184,102.042,27.0,82,0.0,1.5,3,Clouds generally forming or developing
2026-05-23,00:00:00,Sarawak,Kuching,1.5397,110.3542,24.5,98,0.0,5.4,3,Clouds generally forming or developing
2026-05-23,00:00:00,Pahang,Raub,3.7931,101.8569,25.9,77,0.0,1.9,3,Clouds generally forming or developing
2026-05-23,00:00:00,Pahang,Kuantan,3.8167,103.3333,26.9,91,0.0,6.1,1,Clouds generally dissolving or becoming less developed
2026-05-23,00:00:00,Selangor,Klang,3.0333,101.45,27.6,86,0.0,4.0,3,Clouds generally forming or developing
2026-05-23,00:00:00,Perlis,Kangar,6.4333,100.2,27.0,79,0.0,6.3,1,Clouds generally dissolving or becoming less developed
2026-05-23,00:00:00,Kuala Lumpur,Kuala Lumpur,3.1478,101.6953,27.8,86,0.0,1.3,3,Clouds generally forming or developing
2026-05-23,22:00:00,Kedah,Sungai Petani,5.65,100.48,27.5,84,0.0,5.4,3,Clouds generally forming or developing
2026-05-23,22:00:00,Perak,Teluk Intan,4.0259,101.0213,25.9,97,0.0,6.6,3,Clouds generally forming or developing
2026-05-23,22:00:00,Putrajaya,Putrajaya,2.93,101.69,26.4,93,0.0,4.3,3,Clouds generally forming or developing
2026-05-23,22:00:00,Johor,Kluang,2.0336,103.3194,25.0,99,0.0,2.5,3,Clouds generally forming or developing
2026-05-23,22:00:00,Perlis,Kangar,6.4333,100.2,26.5,92,0.0,5.6,3,Clouds generally forming or developing
2026-05-23,22:00:00,Pahang,Kuala Lipis,4.184,102.042,25.0,99,0.1,2.9,51,"Drizzle, not freezing, continuous 	slight at time of observation"
2026-05-23,22:00:00,Sarawak,Miri,4.4028,113.9933,25.4,97,0.1,12.1,51,"Drizzle, not freezing, continuous 	slight at time of observation"
2026-05-23,22:00:00,Perak,Taiping,4.85,100.7333,25.6,97,0.1,7.9,51,"Drizzle, not freezing, continuous 	slight at time of observation"
2026-05-23,22:00:00,Sabah,Kota Kinabalu,5.975,116.0725,26.8,87,0.0,3.1,3,Clouds generally forming or developing
2026-05-23,22:00:00,Pahang,Raub,3.7931,101.8569,24.5,99,0.1,2.4,51,"Drizzle, not freezing, continuous 	slight at time of observation"
2026-05-23,22:00:00,Negeri Sembilan,Seremban,2.7297,101.9381,25.8,97,0.0,4.2,3,Clouds generally forming or developing
2026-05-23,22:00:00,Johor,Muar,2.05,102.56,26.4,90,0.0,5.7,3,Clouds generally forming or developing
2026-05-23,22:00:00,Kuala Lumpur,Kuala Lumpur,3.1478,101.6953,27.1,86,0.0,1.7,3,Clouds generally forming or developing
2026-05-23,22:00:00,Sabah,Lahad Datu,5.03,118.34,25.0,97,0.0,10.3,3,Clouds generally forming or developing
2026-05-23,22:00:00,Selangor,Shah Alam,3.0833,101.5333,27.2,82,0.0,4.9,3,Clouds generally forming or developing
2026-05-23,22:00:00,Kedah,Alor Setar,6.1167,100.3667,26.5,93,0.0,2.1,3,Clouds generally forming or developing
2026-05-23,22:00:00,Pulau Pinang,Butterworth,5.3992,100.3639,28.8,82,0.0,2.2,3,Clouds generally forming or developing
2026-05-23,22:00:00,Pulau Pinang,George Town,5.4145,100.3292,29.1,76,0.0,8.9,3,Clouds generally forming or developing
2026-05-23,22:00:00,Selangor,Klang,3.0333,101.45,27.1,88,0.0,4.1,3,Clouds generally forming or developing
2026-05-23,22:00:00,Sarawak,Kuching,1.5397,110.3542,26.2,93,0.0,2.6,2,State of sky on the whole unchanged
2026-05-23,22:00:00,Terengganu,Kuala Terengganu,5.3303,103.1408,26.5,92,0.0,5.0,3,Clouds generally forming or developing
2026-05-23,22:00:00,Pulau Pinang,Bukit Mertajam,5.3631,100.4667,28.7,82,0.0,2.2,3,Clouds generally forming or developing
2026-05-23,22:00:00,Perak,Ipoh,4.6,101.07,26.6,90,0.0,4.7,3,Clouds generally forming or developing
2026-05-23,22:00:00,Sarawak,Bintulu,3.17,113.03,26.5,87,0.0,10.0,3,Clouds generally forming or developing
2026-05-23,22:00:00,Johor,Johor Bahru,1.4556,103.7611,25.6,100,0.0,0.4,3,Clouds generally forming or developing
2026-05-23,22:00:00,Pahang,Kuantan,3.8167,103.3333,25.5,97,0.0,4.5,3,Clouds generally forming or developing
2026-05-23,22:00:00,Sarawak,Sibu,2.3,111.8167,26.2,94,0.0,4.7,2,State of sky on the whole unchanged
2026-05-23,22:00:00,Labuan,Labuan,5.2803,115.2475,27.0,94,0.0,2.5,80,"Rain shower(s), slight"
2026-05-23,22:00:00,Johor,Batu Pahat,1.85,102.93,26.0,95,0.0,1.6,3,Clouds generally forming or developing
2026-05-23,22:00:00,Sabah,Tawau,4.2448,117.8911,26.6,94,0.0,3.7,80,"Rain shower(s), slight"
2026-05-23,22:00:00,Selangor,Petaling Jaya,3.1073,101.6067,27.2,80,0.0,2.5,3,Clouds generally forming or developing
2026-05-23,22:00:00,Kelantan,Kota Bharu,6.1333,102.25,27.1,92,0.0,8.4,3,Clouds generally forming or developing
2026-05-23,22:00:00,Melaka,Melaka,2.1889,102.2511,26.1,93,0.0,9.0,2,State of sky on the whole unchanged
2026-05-23,21:00:00,Terengganu,Kuala Terengganu,5.3303,103.1408,26.4,93,0.0,5.9,3,Clouds generally forming or developing
2026-05-23,21:00:00,Melaka,Melaka,2.1889,102.2511,26.3,92,0.0,10.3,2,State of sky on the whole unchanged
2026-05-23,21:00:00,Kedah,Alor Setar,6.1167,100.3667,26.5,94,0.3,4.6,51,"Drizzle, not freezing, continuous 	slight at time of observation"
2026-05-23,21:00:00,Perak,Teluk Intan,4.0259,101.0213,26.1,97,0.0,6.9,3,Clouds generally forming or developing
2026-05-23,21:00:00,Sabah,Tawau,4.2448,117.8911,27.4,91,0.0,3.1,3,Clouds generally forming or developing
2026-05-23,21:00:00,Selangor,Petaling Jaya,3.1073,101.6067,27.5,79,0.0,2.3,3,Clouds generally forming or developing
2026-05-23,21:00:00,Perlis,Kangar,6.4333,100.2,27.2,90,0.1,5.9,51,"Drizzle, not freezing, continuous 	slight at time of observation"
2026-05-23,21:00:00,Pahang,Kuala Lipis,4.184,102.042,25.0,98,0.3,1.3,51,"Drizzle, not freezing, continuous 	slight at time of observation"
2026-05-23,21:00:00,Pahang,Raub,3.7931,101.8569,24.7,98,0.3,1.5,51,"Drizzle, not freezing, continuous 	slight at time of observation"
2026-05-23,21:00:00,Johor,Batu Pahat,1.85,102.93,26.0,93,0.0,6.3,3,Clouds generally forming or developing
2026-05-23,21:00:00,Sarawak,Bintulu,3.17,113.03,27.8,81,0.0,2.9,3,Clouds generally forming or developing
2026-05-23,21:00:00,Johor,Muar,2.05,102.56,26.4,89,0.0,6.9,3,Clouds generally forming or developing
2026-05-23,21:00:00,Perak,Taiping,4.85,100.7333,25.8,97,0.4,8.3,53,"Drizzle, not freezing, continuous 	moderate at time of observation"
2026-05-23,21:00:00,Kuala Lumpur,Kuala Lumpur,3.1478,101.6953,27.4,83,0.0,1.1,3,Clouds generally forming or developing
2026-05-23,21:00:00,Pahang,Kuantan,3.8167,103.3333,25.4,98,0.0,5.1,3,Clouds generally forming or developing
2026-05-23,21:00:00,Sarawak,Miri,4.4028,113.9933,26.2,98,0.1,10.2,95,"Thunderstorm, slight or moderate, without hail** but with rain and/or snow at time of observation - Thunderstorm at time of observation"
2026-05-23,21:00:00,Pulau Pinang,George Town,5.4145,100.3292,29.2,76,0.0,8.1,3,Clouds generally forming or developing
2026-05-23,21:00:00,Pulau Pinang,Bukit Mertajam,5.3631,100.4667,29.4,78,0.0,2.0,3,Clouds generally forming or developing
2026-05-23,21:00:00,Selangor,Shah Alam,3.0833,101.5333,27.4,83,0.0,4.6,3,Clouds generally forming or developing
2026-05-23,21:00:00,Pulau Pinang,Butterworth,5.3992,100.3639,29.4,78,0.0,2.0,3,Clouds generally forming or developing
2026-05-23,21:00:00,Perak,Ipoh,4.6,101.07,26.7,89,0.0,5.3,3,Clouds generally forming or developing
2026-05-23,21:00:00,Kelantan,Kota Bharu,6.1333,102.25,27.4,89,0.0,9.1,3,Clouds generally forming or developing
2026-05-23,21:00:00,Sabah,Lahad Datu,5.03,118.34,25.5,96,0.0,10.9,3,Clouds generally forming or developing
2026-05-23,21:00:00,Selangor,Klang,3.0333,101.45,27.2,88,0.0,5.2,3,Clouds generally forming or developing
2026-05-23,21:00:00,Sarawak,Sibu,2.3,111.8167,26.8,92,0.0,4.6,1,Clouds generally dissolving or becoming less developed
2026-05-23,21:00:00,Sarawak,Kuching,1.5397,110.3542,26.5,92,0.0,2.9,1,Clouds generally dissolving or becoming less developed
2026-05-23,21:00:00,Labuan,Labuan,5.2803,115.2475,27.0,94,0.1,6.5,53,"Drizzle, not freezing, continuous 	moderate at time of observation"
2026-05-23,21:00:00,Negeri Sembilan,Seremban,2.7297,101.9381,26.0,97,0.0,3.3,3,Clouds generally forming or developing
2026-05-23,21:00:00,Kedah,Sungai Petani,5.65,100.48,28.1,81,0.0,6.1,3,Clouds generally forming or developing
2026-05-23,21:00:00,Johor,Kluang,2.0336,103.3194,25.4,98,0.0,2.3,3,Clouds generally forming or developing
2026-05-23,21:00:00,Putrajaya,Putrajaya,2.93,101.69,26.4,94,0.0,4.0,3,Clouds generally forming or developing
2026-05-23,21:00:00,Johor,Johor Bahru,1.4556,103.7611,26.0,98,0.0,2.8,2,State of sky on the whole unchanged
2026-05-23,21:00:00,Sabah,Kota Kinabalu,5.975,116.0725,26.9,89,0.0,2.5,3,Clouds generally forming or developing
2026-05-23,20:00:00,Negeri Sembilan,Seremban,2.7297,101.9381,26.2,96,0.0,4.8,3,Clouds generally forming or developing
2026-05-23,20:00:00,Johor,Muar,2.05,102.56,26.8,87,0.0,10.2,2,State of sky on the whole unchanged
2026-05-23,20:00:00,Selangor,Klang,3.0333,101.45,27.5,86,0.0,5.6,3,Clouds generally forming or developing
2026-05-23,20:00:00,Perak,Taiping,4.85,100.7333,25.9,95,0.1,8.6,51,"Drizzle, not freezing, continuous 	slight at time of observation"
2026-05-23,20:00:00,Terengganu,Kuala Terengganu,5.3303,103.1408,26.7,95,0.0,8.7,3,Clouds generally forming or developing
2026-05-23,20:00:00,Melaka,Melaka,2.1889,102.2511,27.0,88,0.0,12.6,2,State of sky on the whole unchanged
2026-05-23,20:00:00,Pulau Pinang,George Town,5.4145,100.3292,29.4,75,0.0,6.8,3,Clouds generally forming or developing
2026-05-23,20:00:00,Kedah,Sungai Petani,5.65,100.48,28.5,79,0.0,5.9,3,Clouds generally forming or developing
2026-05-23,20:00:00,Selangor,Shah Alam,3.0833,101.5333,27.6,83,0.0,5.2,3,Clouds generally forming or developing
2026-05-23,20:00:00,Johor,Johor Bahru,1.4556,103.7611,26.3,96,0.0,3.2,2,State of sky on the whole unchanged
2026-05-23,20:00:00,Sarawak,Bintulu,3.17,113.03,28.0,82,0.0,4.1,3,Clouds generally forming or developing
2026-05-23,20:00:00,Sabah,Kota Kinabalu,5.975,116.0725,27.0,90,0.0,0.7,3,Clouds generally forming or developing
2026-05-23,20:00:00,Pulau Pinang,Butterworth,5.3992,100.3639,29.6,75,0.0,5.9,3,Clouds generally forming or developing
2026-05-23,20:00:00,Perak,Ipoh,4.6,101.07,26.7,90,0.1,5.1,51,"Drizzle, not freezing, continuous 	slight at time of observation"
2026-05-23,20:00:00,Sabah,Tawau,4.2448,117.8911,27.8,87,0.0,4.0,3,Clouds generally forming or developing
2026-05-23,20:00:00,Kelantan,Kota Bharu,6.1333,102.25,28.5,80,0.0,7.5,3,Clouds generally forming or developing
2026-05-23,20:00:00,Kuala Lumpur,Kuala Lumpur,3.1478,101.6953,27.8,79,0.0,2.3,3,Clouds generally forming or developing
2026-05-23,20:00:00,Selangor,Petaling Jaya,3.1073,101.6067,27.9,76,0.0,3.2,3,Clouds generally forming or developing
2026-05-23,20:00:00,Sarawak,Kuching,1.5397,110.3542,27.0,89,0.0,4.0,1,Clouds generally dissolving or becoming less developed
2026-05-23,20:00:00,Pahang,Kuantan,3.8167,103.3333,25.6,97,0.0,7.5,2,State of sky on the whole unchanged
2026-05-23,20:00:00,Sabah,Lahad Datu,5.03,118.34,25.8,97,0.0,7.8,3,Clouds generally forming or developing
2026-05-23,20:00:00,Perlis,Kangar,6.4333,100.2,28.0,85,0.0,2.2,51,"Drizzle, not freezing, continuous 	slight at time of observation"
2026-05-23,20:00:00,Johor,Kluang,2.0336,103.3194,25.8,96,0.0,2.8,3,Clouds generally forming or developing
2026-05-23,20:00:00,Sarawak,Miri,4.4028,113.9933,26.6,95,0.1,7.6,53,"Drizzle, not freezing, continuous 	moderate at time of observation"
2026-05-23,20:00:00,Pahang,Kuala Lipis,4.184,102.042,25.0,98,0.9,2.4,53,"Drizzle, not freezing, continuous 	moderate at time of observation"
2026-05-23,20:00:00,Johor,Batu Pahat,1.85,102.93,26.6,90,0.0,6.6,3,Clouds generally forming or developing
2026-05-23,20:00:00,Sarawak,Sibu,2.3,111.8167,27.4,90,0.0,4.0,1,Clouds generally dissolving or becoming less developed
2026-05-23,20:00:00,Putrajaya,Putrajaya,2.93,101.69,26.4,94,0.1,1.6,51,"Drizzle, not freezing, continuous 	slight at time of observation"
2026-05-23,20:00:00,Perak,Teluk Intan,4.0259,101.0213,26.1,97,0.2,8.6,51,"Drizzle, not freezing, continuous 	slight at time of observation"
2026-05-23,20:00:00,Kedah,Alor Setar,6.1167,100.3667,26.6,93,0.9,3.9,80,"Rain shower(s), slight"
2026-05-23,20:00:00,Labuan,Labuan,5.2803,115.2475,27.0,93,0.3,7.2,55,"Drizzle, not freezing, continuous heavy (dense) at time of observation"
2026-05-23,20:00:00,Pahang,Raub,3.7931,101.8569,24.4,99,0.3,3.7,80,"Rain shower(s), slight"
2026-05-23,20:00:00,Pulau Pinang,Bukit Mertajam,5.3631,100.4667,29.5,75,0.0,5.9,3,Clouds generally forming or developing
2026-05-23,19:00:00,Selangor,Klang,3.0333,101.45,27.7,83,0.0,3.6,3,Clouds generally forming or developing
2026-05-23,19:00:00,Johor,Muar,2.05,102.56,28.0,80,0.0,11.1,2,State of sky on the whole unchanged
2026-05-23,19:00:00,Perak,Taiping,4.85,100.7333,26.0,96,0.6,11.5,53,"Drizzle, not freezing, continuous 	moderate at time of observation"
2026-05-23,19:00:00,Perak,Teluk Intan,4.0259,101.0213,26.5,96,0.5,10.6,80,"Rain shower(s), slight"
2026-05-23,19:00:00,Pulau Pinang,George Town,5.4145,100.3292,30.3,70,0.0,7.5,3,Clouds generally forming or developing
2026-05-23,19:00:00,Kedah,Sungai Petani,5.65,100.48,29.5,74,0.0,6.7,3,Clouds generally forming or developing
2026-05-23,19:00:00,Pahang,Kuantan,3.8167,103.3333,26.4,93,0.1,5.6,51,"Drizzle, not freezing, continuous 	slight at time of observation"
2026-05-23,19:00:00,Johor,Kluang,2.0336,103.3194,26.5,92,0.0,7.2,3,Clouds generally forming or developing
2026-05-23,19:00:00,Pulau Pinang,Bukit Mertajam,5.3631,100.4667,30.2,72,0.0,6.7,3,Clouds generally forming or developing
2026-05-23,19:00:00,Selangor,Shah Alam,3.0833,101.5333,28.0,81,0.0,2.7,3,Clouds generally forming or developing
2026-05-23,19:00:00,Kelantan,Kota Bharu,6.1333,102.25,30.1,64,0.0,2.6,51,"Drizzle, not freezing, continuous 	slight at time of observation"
2026-05-23,19:00:00,Negeri Sembilan,Seremban,2.7297,101.9381,26.7,92,0.0,5.1,3,Clouds generally forming or developing
2026-05-23,19:00:00,Melaka,Melaka,2.1889,102.2511,28.2,81,0.0,11.5,3,Clouds generally forming or developing
2026-05-23,19:00:00,Pahang,Kuala Lipis,4.184,102.042,25.2,96,0.7,2.7,81,"Rain shower(s), moderate or heavy"
2026-05-23,19:00:00,Kedah,Alor Setar,6.1167,100.3667,27.9,81,0.2,3.2,80,"Rain shower(s), slight"
2026-05-23,19:00:00,Sabah,Kota Kinabalu,5.975,116.0725,27.2,91,0.0,3.0,3,Clouds generally forming or developing
2026-05-23,19:00:00,Perlis,Kangar,6.4333,100.2,29.5,75,0.0,10.4,3,Clouds generally forming or developing
2026-05-23,19:00:00,Pahang,Raub,3.7931,101.8569,24.7,98,0.4,4.2,81,"Rain shower(s), moderate or heavy"
2026-05-23,19:00:00,Pulau Pinang,Butterworth,5.3992,100.3639,30.3,72,0.0,6.7,3,Clouds generally forming or developing
2026-05-23,19:00:00,Kuala Lumpur,Kuala Lumpur,3.1478,101.6953,28.2,75,0.0,2.9,3,Clouds generally forming or developing
2026-05-23,19:00:00,Perak,Ipoh,4.6,101.07,26.8,89,0.3,2.0,51,"Drizzle, not freezing, continuous 	slight at time of observation"
2026-05-23,19:00:00,Sabah,Lahad Datu,5.03,118.34,26.0,97,0.0,8.1,3,Clouds generally forming or developing
2026-05-23,19:00:00,Johor,Batu Pahat,1.85,102.93,27.4,86,0.0,10.3,3,Clouds generally forming or developing
2026-05-23,19:00:00,Sarawak,Sibu,2.3,111.8167,27.8,89,0.0,2.4,2,State of sky on the whole unchanged
2026-05-23,19:00:00,Putrajaya,Putrajaya,2.93,101.69,26.3,94,0.4,1.4,51,"Drizzle, not freezing, continuous 	slight at time of observation"
2026-05-23,19:00:00,Terengganu,Kuala Terengganu,5.3303,103.1408,28.1,86,0.0,8.7,3,Clouds generally forming or developing
2026-05-23,19:00:00,Labuan,Labuan,5.2803,115.2475,28.2,82,0.2,5.4,51,"Drizzle, not freezing, continuous 	slight at time of observation"
2026-05-23,19:00:00,Johor,Johor Bahru,1.4556,103.7611,27.0,92,0.3,6.6,51,"Drizzle, not freezing, continuous 	slight at time of observation"
2026-05-23,19:00:00,Selangor,Petaling Jaya,3.1073,101.6067,28.3,74,0.0,3.5,3,Clouds generally forming or developing
2026-05-23,19:00:00,Sarawak,Bintulu,3.17,113.03,28.4,79,0.0,6.7,3,Clouds generally forming or developing
2026-05-23,19:00:00,Sabah,Tawau,4.2448,117.8911,28.4,82,0.0,3.8,3,Clouds generally forming or developing
2026-05-23,19:00:00,Sarawak,Miri,4.4028,113.9933,27.6,88,0.0,4.2,51,"Drizzle, not freezing, continuous 	slight at time of observation"
2026-05-23,19:00:00,Sarawak,Kuching,1.5397,110.3542,27.9,85,0.0,6.1,0,Cloud development not observed or not observable
2026-05-23,18:00:00,Selangor,Petaling Jaya,3.1073,101.6067,28.8,72,0.1,2.7,51,"Drizzle, not freezing, continuous 	slight at time of observation"
2026-05-23,18:00:00,Selangor,Klang,3.0333,101.45,28.0,81,0.4,4.8,51,"Drizzle, not freezing, continuous 	slight at time of observation"
2026-05-23,18:00:00,Perlis,Kangar,6.4333,100.2,30.3,70,0.2,13.5,51,"Drizzle, not freezing, continuous 	slight at time of observation"
2026-05-23,18:00:00,Kelantan,Kota Bharu,6.1333,102.25,31.5,59,0.1,3.8,51,"Drizzle, not freezing, continuous 	slight at time of observation"
2026-05-23,18:00:00,Selangor,Shah Alam,3.0833,101.5333,28.0,80,0.2,2.7,51,"Drizzle, not freezing, continuous 	slight at time of observation"
2026-05-23,18:00:00,Labuan,Labuan,5.2803,115.2475,29.1,76,0.1,6.1,51,"Drizzle, not freezing, continuous 	slight at time of observation"
2026-05-23,18:00:00,Johor,Muar,2.05,102.56,29.4,72,0.0,9.4,3,Clouds generally forming or developing
2026-05-23,18:00:00,Sabah,Kota Kinabalu,5.975,116.0725,27.8,84,0.1,2.8,51,"Drizzle, not freezing, continuous 	slight at time of observation"
2026-05-23,18:00:00,Melaka,Melaka,2.1889,102.2511,29.2,75,0.0,10.7,3,Clouds generally forming or developing
2026-05-23,18:00:00,Putrajaya,Putrajaya,2.93,101.69,26.2,93,0.7,2.7,55,"Drizzle, not freezing, continuous heavy (dense) at time of observation"
2026-05-23,18:00:00,Perak,Teluk Intan,4.0259,101.0213,28.8,81,0.1,6.3,51,"Drizzle, not freezing, continuous 	slight at time of observation"
2026-05-23,18:00:00,Sarawak,Bintulu,3.17,113.03,29.0,78,0.0,7.4,3,Clouds generally forming or developing
2026-05-23,18:00:00,Pahang,Kuala Lipis,4.184,102.042,26.1,92,1.1,1.0,81,"Rain shower(s), moderate or heavy"
2026-05-23,18:00:00,Perak,Ipoh,4.6,101.07,26.6,91,1.6,1.3,80,"Rain shower(s), slight"
2026-05-23,18:00:00,Negeri Sembilan,Seremban,2.7297,101.9381,27.0,90,0.3,4.4,51,"Drizzle, not freezing, continuous 	slight at time of observation"
2026-05-23,18:00:00,Terengganu,Kuala Terengganu,5.3303,103.1408,30.2,66,0.1,3.4,51,"Drizzle, not freezing, continuous 	slight at time of observation"
2026-05-23,18:00:00,Sarawak,Kuching,1.5397,110.3542,29.6,74,0.0,7.9,51,"Drizzle, not freezing, continuous 	slight at time of observation"
2026-05-23,18:00:00,Sarawak,Sibu,2.3,111.8167,29.0,84,0.0,3.6,1,Clouds generally dissolving or becoming less developed
2026-05-23,18:00:00,Pulau Pinang,Butterworth,5.3992,100.3639,31.6,61,0.0,6.9,3,Clouds generally forming or developing
2026-05-23,18:00:00,Pahang,Raub,3.7931,101.8569,26.1,88,0.4,5.2,51,"Drizzle, not freezing, continuous 	slight at time of observation"
2026-05-23,18:00:00,Kuala Lumpur,Kuala Lumpur,3.1478,101.6953,29.0,71,0.2,2.9,51,"Drizzle, not freezing, continuous 	slight at time of observation"
2026-05-23,18:00:00,Pahang,Kuantan,3.8167,103.3333,27.0,87,0.1,4.4,51,"Drizzle, not freezing, continuous 	slight at time of observation"
2026-05-23,18:00:00,Johor,Batu Pahat,1.85,102.93,28.7,78,0.0,11.4,3,Clouds generally forming or developing
2026-05-23,18:00:00,Sarawak,Miri,4.4028,113.9933,28.7,80,0.0,2.7,3,Clouds generally forming or developing
2026-05-23,18:00:00,Johor,Johor Bahru,1.4556,103.7611,27.9,87,0.5,6.9,53,"Drizzle, not freezing, continuous 	moderate at time of observation"
2026-05-23,18:00:00,Sabah,Tawau,4.2448,117.8911,29.2,73,0.0,7.4,3,Clouds generally forming or developing
2026-05-23,18:00:00,Johor,Kluang,2.0336,103.3194,27.3,87,0.0,8.7,3,Clouds generally forming or developing
2026-05-23,18:00:00,Pulau Pinang,George Town,5.4145,100.3292,31.5,62,0.0,10.1,3,Clouds generally forming or developing
2026-05-23,18:00:00,Kedah,Alor Setar,6.1167,100.3667,31.0,68,0.0,10.5,3,Clouds generally forming or developing
2026-05-23,18:00:00,Perak,Taiping,4.85,100.7333,27.0,93,0.9,14.2,53,"Drizzle, not freezing, continuous 	moderate at time of observation"
2026-05-23,18:00:00,Pulau Pinang,Bukit Mertajam,5.3631,100.4667,31.5,61,0.0,6.9,3,Clouds generally forming or developing
2026-05-23,18:00:00,Kedah,Sungai Petani,5.65,100.48,30.9,65,0.0,10.1,3,Clouds generally forming or developing
2026-05-23,18:00:00,Sabah,Lahad Datu,5.03,118.34,26.4,97,0.4,7.6,51,"Drizzle, not freezing, continuous 	slight at time of observation"
2026-05-23,17:00:00,Sabah,Lahad Datu,5.03,118.34,26.5,96,1.6,6.3,80,"Rain shower(s), slight"
2026-05-23,17:00:00,Selangor,Klang,3.0333,101.45,27.5,84,1.0,5.4,80,"Rain shower(s), slight"
2026-05-23,17:00:00,Kedah,Alor Setar,6.1167,100.3667,31.9,61,0.0,11.7,3,Clouds generally forming or developing
2026-05-23,17:00:00,Selangor,Shah Alam,3.0833,101.5333,27.5,84,1.6,3.2,80,"Rain shower(s), slight"
2026-05-23,17:00:00,Melaka,Melaka,2.1889,102.2511,30.0,74,0.0,9.2,3,Clouds generally forming or developing
2026-05-23,17:00:00,Perak,Ipoh,4.6,101.07,27.4,87,1.0,10.4,81,"Rain shower(s), moderate or heavy"
2026-05-23,17:00:00,Pulau Pinang,Butterworth,5.3992,100.3639,33.0,53,0.0,6.4,3,Clouds generally forming or developing
2026-05-23,17:00:00,Kelantan,Kota Bharu,6.1333,102.25,31.6,60,0.0,5.9,51,"Drizzle, not freezing, continuous 	slight at time of observation"
2026-05-23,17:00:00,Labuan,Labuan,5.2803,115.2475,30.3,67,0.0,9.1,3,Clouds generally forming or developing
2026-05-23,17:00:00,Pulau Pinang,George Town,5.4145,100.3292,32.4,55,0.0,10.6,3,Clouds generally forming or developing
2026-05-23,17:00:00,Perak,Teluk Intan,4.0259,101.0213,28.3,83,0.2,8.8,51,"Drizzle, not freezing, continuous 	slight at time of observation"
2026-05-23,17:00:00,Johor,Kluang,2.0336,103.3194,28.0,84,0.0,6.7,51,"Drizzle, not freezing, continuous 	slight at time of observation"
2026-05-23,17:00:00,Terengganu,Kuala Terengganu,5.3303,103.1408,31.2,62,0.0,6.1,3,Clouds generally forming or developing
2026-05-23,17:00:00,Pulau Pinang,Bukit Mertajam,5.3631,100.4667,32.9,53,0.0,6.4,3,Clouds generally forming or developing
2026-05-23,17:00:00,Pahang,Raub,3.7931,101.8569,27.0,86,0.2,7.7,51,"Drizzle, not freezing, continuous 	slight at time of observation"
2026-05-23,17:00:00,Sarawak,Miri,4.4028,113.9933,29.5,71,0.1,8.2,51,"Drizzle, not freezing, continuous 	slight at time of observation"
2026-05-23,17:00:00,Johor,Batu Pahat,1.85,102.93,29.4,76,0.0,7.4,3,Clouds generally forming or developing
2026-05-23,17:00:00,Kuala Lumpur,Kuala Lumpur,3.1478,101.6953,29.3,69,0.5,4.2,53,"Drizzle, not freezing, continuous 	moderate at time of observation"
2026-05-23,17:00:00,Selangor,Petaling Jaya,3.1073,101.6067,28.9,74,0.5,1.9,53,"Drizzle, not freezing, continuous 	moderate at time of observation"
2026-05-23,17:00:00,Putrajaya,Putrajaya,2.93,101.69,26.5,90,1.9,3.5,81,"Rain shower(s), moderate or heavy"
2026-05-23,17:00:00,Perak,Taiping,4.85,100.7333,31.3,66,0.1,4.3,51,"Drizzle, not freezing, continuous 	slight at time of observation"
2026-05-23,17:00:00,Pahang,Kuantan,3.8167,103.3333,26.9,92,0.7,4.9,53,"Drizzle, not freezing, continuous 	moderate at time of observation"
2026-05-23,17:00:00,Sarawak,Sibu,2.3,111.8167,30.5,70,0.0,6.7,51,"Drizzle, not freezing, continuous 	slight at time of observation"
2026-05-23,17:00:00,Negeri Sembilan,Seremban,2.7297,101.9381,27.5,89,0.2,3.5,51,"Drizzle, not freezing, continuous 	slight at time of observation"
2026-05-23,17:00:00,Pahang,Kuala Lipis,4.184,102.042,26.6,93,0.1,12.4,81,"Rain shower(s), moderate or heavy"
2026-05-23,17:00:00,Johor,Muar,2.05,102.56,29.8,73,0.0,8.7,3,Clouds generally forming or developing
2026-05-23,17:00:00,Sabah,Tawau,4.2448,117.8911,29.8,72,0.1,10.4,51,"Drizzle, not freezing, continuous 	slight at time of observation"
2026-05-23,17:00:00,Sabah,Kota Kinabalu,5.975,116.0725,28.2,81,0.3,5.9,51,"Drizzle, not freezing, continuous 	slight at time of observation"
2026-05-23,17:00:00,Sarawak,Bintulu,3.17,113.03,29.4,76,0.0,8.8,2,State of sky on the whole unchanged
2026-05-23,17:00:00,Perlis,Kangar,6.4333,100.2,31.8,60,0.0,14.0,2,State of sky on the whole unchanged
2026-05-23,17:00:00,Sarawak,Kuching,1.5397,110.3542,31.6,57,0.0,7.0,51,"Drizzle, not freezing, continuous 	slight at time of observation"
2026-05-23,17:00:00,Kedah,Sungai Petani,5.65,100.48,31.9,59,0.0,11.6,3,Clouds generally forming or developing
2026-05-23,17:00:00,Johor,Johor Bahru,1.4556,103.7611,28.9,79,0.0,5.8,51,"Drizzle, not freezing, continuous 	slight at time of observation"
2026-05-23,16:00:00,Putrajaya,Putrajaya,2.93,101.69,26.5,91,0.9,4.5,81,"Rain shower(s), moderate or heavy"
2026-05-23,16:00:00,Sarawak,Sibu,2.3,111.8167,31.0,69,0.0,7.3,0,Cloud development not observed or not observable
2026-05-23,16:00:00,Perak,Taiping,4.85,100.7333,33.2,60,0.0,4.9,95,"Thunderstorm, slight or moderate, without hail** but with rain and/or snow at time of observation - Thunderstorm at time of observation"
2026-05-23,16:00:00,Negeri Sembilan,Seremban,2.7297,101.9381,27.1,93,0.9,2.4,95,"Thunderstorm, slight or moderate, without hail** but with rain and/or snow at time of observation - Thunderstorm at time of observation"
2026-05-23,16:00:00,Sarawak,Kuching,1.5397,110.3542,32.2,56,0.0,7.3,0,Cloud development not observed or not observable
2026-05-23,16:00:00,Sabah,Lahad Datu,5.03,118.34,26.5,93,0.4,8.1,81,"Rain shower(s), moderate or heavy"
2026-05-23,16:00:00,Sabah,Tawau,4.2448,117.8911,30.2,71,0.1,11.9,51,"Drizzle, not freezing, continuous 	slight at time of observation"
2026-05-23,16:00:00,Johor,Johor Bahru,1.4556,103.7611,30.4,73,0.1,3.2,51,"Drizzle, not freezing, continuous 	slight at time of observation"
2026-05-23,16:00:00,Selangor,Shah Alam,3.0833,101.5333,27.2,85,0.0,8.6,81,"Rain shower(s), moderate or heavy"
2026-05-23,16:00:00,Sarawak,Bintulu,3.17,113.03,29.6,80,0.2,11.1,51,"Drizzle, not freezing, continuous 	slight at time of observation"
2026-05-23,16:00:00,Johor,Kluang,2.0336,103.3194,28.4,83,0.1,2.0,51,"Drizzle, not freezing, continuous 	slight at time of observation"
2026-05-23,16:00:00,Johor,Muar,2.05,102.56,29.5,76,0.2,7.1,51,"Drizzle, not freezing, continuous 	slight at time of observation"
2026-05-23,16:00:00,Terengganu,Kuala Terengganu,5.3303,103.1408,31.8,60,0.0,8.0,3,Clouds generally forming or developing
2026-05-23,16:00:00,Kedah,Sungai Petani,5.65,100.48,33.1,54,0.0,10.1,2,State of sky on the whole unchanged
2026-05-23,16:00:00,Pulau Pinang,George Town,5.4145,100.3292,32.9,53,0.0,10.4,2,State of sky on the whole unchanged
2026-05-23,16:00:00,Pulau Pinang,Butterworth,5.3992,100.3639,33.3,53,0.0,6.8,2,State of sky on the whole unchanged
2026-05-23,16:00:00,Kedah,Alor Setar,6.1167,100.3667,32.7,58,0.0,11.7,51,"Drizzle, not freezing, continuous 	slight at time of observation"
2026-05-23,16:00:00,Pulau Pinang,Bukit Mertajam,5.3631,100.4667,33.2,53,0.0,6.8,2,State of sky on the whole unchanged
2026-05-23,16:00:00,Sarawak,Miri,4.4028,113.9933,30.2,67,0.0,11.7,51,"Drizzle, not freezing, continuous 	slight at time of observation"
2026-05-23,16:00:00,Perak,Teluk Intan,4.0259,101.0213,29.6,74,0.0,7.5,3,Clouds generally forming or developing
2026-05-23,16:00:00,Kelantan,Kota Bharu,6.1333,102.25,31.9,59,0.1,11.6,53,"Drizzle, not freezing, continuous 	moderate at time of observation"
2026-05-23,16:00:00,Johor,Batu Pahat,1.85,102.93,29.1,77,0.0,6.0,3,Clouds generally forming or developing
2026-05-23,16:00:00,Perlis,Kangar,6.4333,100.2,32.5,59,0.0,11.7,3,Clouds generally forming or developing
2026-05-23,16:00:00,Melaka,Melaka,2.1889,102.2511,29.6,75,0.1,7.5,51,"Drizzle, not freezing, continuous 	slight at time of observation"
2026-05-23,16:00:00,Pahang,Raub,3.7931,101.8569,27.0,85,0.7,4.6,53,"Drizzle, not freezing, continuous 	moderate at time of observation"
2026-05-23,16:00:00,Pahang,Kuala Lipis,4.184,102.042,28.8,79,0.5,15.4,53,"Drizzle, not freezing, continuous 	moderate at time of observation"
2026-05-23,16:00:00,Selangor,Petaling Jaya,3.1073,101.6067,29.2,67,0.8,7.5,55,"Drizzle, not freezing, continuous heavy (dense) at time of observation"
2026-05-23,16:00:00,Sabah,Kota Kinabalu,5.975,116.0725,28.7,77,0.0,4.9,51,"Drizzle, not freezing, continuous 	slight at time of observation"
2026-05-23,16:00:00,Pahang,Kuantan,3.8167,103.3333,26.5,90,0.0,6.4,81,"Rain shower(s), moderate or heavy"
2026-05-23,16:00:00,Perak,Ipoh,4.6,101.07,30.0,72,0.0,13.1,81,"Rain shower(s), moderate or heavy"
2026-05-23,16:00:00,Kuala Lumpur,Kuala Lumpur,3.1478,101.6953,29.6,67,1.1,7.2,61,"Rain, not freezing, continuous slight at time of observation"
2026-05-23,16:00:00,Selangor,Klang,3.0333,101.45,29.2,67,0.8,8.0,61,"Rain, not freezing, continuous slight at time of observation"
2026-05-23,16:00:00,Labuan,Labuan,5.2803,115.2475,30.6,66,0.0,12.1,3,Clouds generally forming or developing
2026-05-23,15:00:00,Kelantan,Kota Bharu,6.1333,102.25,32.7,57,0.0,11.7,3,Clouds generally forming or developing
2026-05-23,15:00:00,Selangor,Klang,3.0333,101.45,33.3,47,0.1,5.5,51,"Drizzle, not freezing, continuous 	slight at time of observation"
2026-05-23,15:00:00,Perak,Taiping,4.85,100.7333,33.3,59,0.0,3.5,3,Clouds generally forming or developing
2026-05-23,15:00:00,Selangor,Shah Alam,3.0833,101.5333,32.8,52,0.0,3.2,3,Clouds generally forming or developing
2026-05-23,15:00:00,Sarawak,Kuching,1.5397,110.3542,32.3,56,0.0,5.4,0,Cloud development not observed or not observable
2026-05-23,15:00:00,Perak,Teluk Intan,4.0259,101.0213,31.3,64,0.0,10.6,3,Clouds generally forming or developing
2026-05-23,15:00:00,Selangor,Petaling Jaya,3.1073,101.6067,32.3,52,0.3,1.0,51,"Drizzle, not freezing, continuous 	slight at time of observation"
2026-05-23,15:00:00,Sarawak,Bintulu,3.17,113.03,29.5,84,0.2,10.8,95,"Thunderstorm, slight or moderate, without hail** but with rain and/or snow at time of observation - Thunderstorm at time of observation"
2026-05-23,15:00:00,Sarawak,Miri,4.4028,113.9933,30.6,65,0.0,11.9,51,"Drizzle, not freezing, continuous 	slight at time of observation"
2026-05-23,15:00:00,Johor,Johor Bahru,1.4556,103.7611,28.9,79,0.2,5.2,51,"Drizzle, not freezing, continuous 	slight at time of observation"
2026-05-23,15:00:00,Pulau Pinang,Bukit Mertajam,5.3631,100.4667,33.4,52,0.0,6.6,2,State of sky on the whole unchanged
2026-05-23,15:00:00,Johor,Kluang,2.0336,103.3194,28.3,84,0.3,3.9,53,"Drizzle, not freezing, continuous 	moderate at time of observation"
2026-05-23,15:00:00,Labuan,Labuan,5.2803,115.2475,31.0,63,0.0,16.0,2,State of sky on the whole unchanged
2026-05-23,15:00:00,Pulau Pinang,Butterworth,5.3992,100.3639,33.5,52,0.0,6.6,2,State of sky on the whole unchanged
2026-05-23,15:00:00,Pulau Pinang,George Town,5.4145,100.3292,33.2,54,0.0,10.9,2,State of sky on the whole unchanged
2026-05-23,15:00:00,Sabah,Tawau,4.2448,117.8911,31.7,62,0.1,12.6,51,"Drizzle, not freezing, continuous 	slight at time of observation"
2026-05-23,15:00:00,Putrajaya,Putrajaya,2.93,101.69,27.6,82,0.6,13.9,53,"Drizzle, not freezing, continuous 	moderate at time of observation"
2026-05-23,15:00:00,Johor,Batu Pahat,1.85,102.93,28.6,79,0.1,7.3,51,"Drizzle, not freezing, continuous 	slight at time of observation"
2026-05-23,15:00:00,Perak,Ipoh,4.6,101.07,36.5,36,0.0,5.9,3,Clouds generally forming or developing
2026-05-23,15:00:00,Pahang,Kuala Lipis,4.184,102.042,29.8,75,0.1,15.1,53,"Drizzle, not freezing, continuous 	moderate at time of observation"
2026-05-23,15:00:00,Perlis,Kangar,6.4333,100.2,32.8,57,0.0,11.6,2,State of sky on the whole unchanged
2026-05-23,15:00:00,Melaka,Melaka,2.1889,102.2511,29.4,73,0.3,5.8,53,"Drizzle, not freezing, continuous 	moderate at time of observation"
2026-05-23,15:00:00,Terengganu,Kuala Terengganu,5.3303,103.1408,32.1,60,0.1,7.9,51,"Drizzle, not freezing, continuous 	slight at time of observation"
2026-05-23,15:00:00,Pahang,Raub,3.7931,101.8569,26.4,87,1.2,13.4,55,"Drizzle, not freezing, continuous heavy (dense) at time of observation"
2026-05-23,15:00:00,Sarawak,Sibu,2.3,111.8167,30.9,69,0.0,7.5,1,Clouds generally dissolving or becoming less developed
2026-05-23,15:00:00,Negeri Sembilan,Seremban,2.7297,101.9381,26.5,94,0.5,7.3,81,"Rain shower(s), moderate or heavy"
2026-05-23,15:00:00,Kedah,Alor Setar,6.1167,100.3667,33.2,57,0.0,9.3,2,State of sky on the whole unchanged
2026-05-23,15:00:00,Sabah,Kota Kinabalu,5.975,116.0725,29.8,71,0.1,5.4,51,"Drizzle, not freezing, continuous 	slight at time of observation"
2026-05-23,15:00:00,Pahang,Kuantan,3.8167,103.3333,29.6,75,0.0,3.3,51,"Drizzle, not freezing, continuous 	slight at time of observation"
2026-05-23,15:00:00,Kuala Lumpur,Kuala Lumpur,3.1478,101.6953,31.8,55,0.3,4.5,53,"Drizzle, not freezing, continuous 	moderate at time of observation"
2026-05-23,15:00:00,Sabah,Lahad Datu,5.03,118.34,32.0,58,0.1,6.7,51,"Drizzle, not freezing, continuous 	slight at time of observation"
2026-05-23,15:00:00,Kedah,Sungai Petani,5.65,100.48,33.8,51,0.0,7.3,2,State of sky on the whole unchanged
2026-05-23,15:00:00,Johor,Muar,2.05,102.56,28.8,79,0.4,9.8,80,"Rain shower(s), slight"
2026-05-23,14:00:00,Pulau Pinang,Bukit Mertajam,5.3631,100.4667,33.6,51,0.0,7.3,2,State of sky on the whole unchanged
2026-05-23,14:00:00,Labuan,Labuan,5.2803,115.2475,31.5,61,0.0,15.8,3,Clouds generally forming or developing
2026-05-23,14:00:00,Melaka,Melaka,2.1889,102.2511,30.1,64,0.1,7.0,51,"Drizzle, not freezing, continuous 	slight at time of observation"
2026-05-23,14:00:00,Sarawak,Kuching,1.5397,110.3542,31.5,61,0.0,3.6,3,Clouds generally forming or developing
2026-05-23,14:00:00,Pulau Pinang,George Town,5.4145,100.3292,33.4,56,0.0,9.5,2,State of sky on the whole unchanged
2026-05-23,14:00:00,Sabah,Kota Kinabalu,5.975,116.0725,30.9,67,0.0,6.1,51,"Drizzle, not freezing, continuous 	slight at time of observation"
2026-05-23,14:00:00,Perlis,Kangar,6.4333,100.2,33.2,55,0.0,9.7,3,Clouds generally forming or developing
2026-05-23,14:00:00,Pulau Pinang,Butterworth,5.3992,100.3639,33.7,51,0.0,7.3,2,State of sky on the whole unchanged
2026-05-23,14:00:00,Kedah,Sungai Petani,5.65,100.48,34.0,51,0.0,5.7,2,State of sky on the whole unchanged
2026-05-23,14:00:00,Sabah,Tawau,4.2448,117.8911,32.5,56,0.0,8.3,3,Clouds generally forming or developing
2026-05-23,14:00:00,Johor,Batu Pahat,1.85,102.93,30.0,68,0.5,8.4,53,"Drizzle, not freezing, continuous 	moderate at time of observation"
2026-05-23,14:00:00,Negeri Sembilan,Seremban,2.7297,101.9381,30.9,64,1.1,5.0,55,"Drizzle, not freezing, continuous heavy (dense) at time of observation"
2026-05-23,14:00:00,Terengganu,Kuala Terengganu,5.3303,103.1408,31.0,67,0.4,7.0,51,"Drizzle, not freezing, continuous 	slight at time of observation"
2026-05-23,14:00:00,Sarawak,Sibu,2.3,111.8167,30.6,69,0.3,4.2,51,"Drizzle, not freezing, continuous 	slight at time of observation"
2026-05-23,14:00:00,Kedah,Alor Setar,6.1167,100.3667,33.3,56,0.0,8.8,3,Clouds generally forming or developing
2026-05-23,14:00:00,Sabah,Lahad Datu,5.03,118.34,32.8,55,0.0,2.4,2,State of sky on the whole unchanged
2026-05-23,14:00:00,Pahang,Kuantan,3.8167,103.3333,30.5,73,0.1,4.9,51,"Drizzle, not freezing, continuous 	slight at time of observation"
2026-05-23,14:00:00,Selangor,Petaling Jaya,3.1073,101.6067,33.8,47,0.1,3.7,51,"Drizzle, not freezing, continuous 	slight at time of observation"
2026-05-23,14:00:00,Johor,Johor Bahru,1.4556,103.7611,28.3,84,0.2,8.8,81,"Rain shower(s), moderate or heavy"
2026-05-23,14:00:00,Perak,Teluk Intan,4.0259,101.0213,33.0,55,0.0,4.4,3,Clouds generally forming or developing
2026-05-23,14:00:00,Selangor,Shah Alam,3.0833,101.5333,33.2,51,0.1,2.6,51,"Drizzle, not freezing, continuous 	slight at time of observation"
2026-05-23,14:00:00,Johor,Muar,2.05,102.56,31.9,58,0.7,4.7,55,"Drizzle, not freezing, continuous heavy (dense) at time of observation"
2026-05-23,14:00:00,Sarawak,Miri,4.4028,113.9933,30.8,67,0.0,12.3,2,State of sky on the whole unchanged
2026-05-23,14:00:00,Selangor,Klang,3.0333,101.45,34.2,46,0.1,2.5,51,"Drizzle, not freezing, continuous 	slight at time of observation"
2026-05-23,14:00:00,Perak,Ipoh,4.6,101.07,36.7,35,0.0,5.8,3,Clouds generally forming or developing
2026-05-23,14:00:00,Pahang,Raub,3.7931,101.8569,32.5,50,0.2,9.8,53,"Drizzle, not freezing, continuous 	moderate at time of observation"
2026-05-23,14:00:00,Kuala Lumpur,Kuala Lumpur,3.1478,101.6953,33.5,46,0.1,2.1,51,"Drizzle, not freezing, continuous 	slight at time of observation"
2026-05-23,14:00:00,Putrajaya,Putrajaya,2.93,101.69,31.6,55,0.1,2.9,53,"Drizzle, not freezing, continuous 	moderate at time of observation"
2026-05-23,14:00:00,Pahang,Kuala Lipis,4.184,102.042,33.5,54,0.0,3.4,3,Clouds generally forming or developing
2026-05-23,14:00:00,Sarawak,Bintulu,3.17,113.03,30.8,70,0.1,10.6,53,"Drizzle, not freezing, continuous 	moderate at time of observation"
2026-05-23,14:00:00,Johor,Kluang,2.0336,103.3194,28.1,77,0.5,4.4,53,"Drizzle, not freezing, continuous 	moderate at time of observation"
2026-05-23,14:00:00,Kelantan,Kota Bharu,6.1333,102.25,32.9,59,0.1,7.7,51,"Drizzle, not freezing, continuous 	slight at time of observation"
2026-05-23,14:00:00,Perak,Taiping,4.85,100.7333,33.4,56,0.0,7.2,3,Clouds generally forming or developing
2026-05-23,13:00:00,Sabah,Lahad Datu,5.03,118.34,32.2,63,0.0,4.6,2,State of sky on the whole unchanged
2026-05-23,13:00:00,Perak,Teluk Intan,4.0259,101.0213,32.2,63,0.0,4.3,3,Clouds generally forming or developing
2026-05-23,13:00:00,Johor,Batu Pahat,1.85,102.93,30.1,69,0.0,7.6,3,Clouds generally forming or developing
2026-05-23,13:00:00,Sarawak,Kuching,1.5397,110.3542,30.1,68,0.0,6.1,3,Clouds generally forming or developing
2026-05-23,13:00:00,Johor,Muar,2.05,102.56,31.8,63,0.0,10.0,51,"Drizzle, not freezing, continuous 	slight at time of observation"
2026-05-23,13:00:00,Sarawak,Bintulu,3.17,113.03,30.6,70,0.1,8.7,51,"Drizzle, not freezing, continuous 	slight at time of observation"
2026-05-23,13:00:00,Pahang,Raub,3.7931,101.8569,32.2,53,0.2,8.4,51,"Drizzle, not freezing, continuous 	slight at time of observation"
2026-05-23,13:00:00,Sabah,Tawau,4.2448,117.8911,33.2,58,0.0,2.6,2,State of sky on the whole unchanged
2026-05-23,13:00:00,Perak,Taiping,4.85,100.7333,33.0,58,0.0,7.7,3,Clouds generally forming or developing
2026-05-23,13:00:00,Sarawak,Miri,4.4028,113.9933,30.4,71,0.0,12.5,3,Clouds generally forming or developing
2026-05-23,13:00:00,Johor,Kluang,2.0336,103.3194,26.7,93,1.5,7.4,80,"Rain shower(s), slight"
2026-05-23,13:00:00,Terengganu,Kuala Terengganu,5.3303,103.1408,29.1,78,0.1,2.5,81,"Rain shower(s), moderate or heavy"
2026-05-23,13:00:00,Kedah,Alor Setar,6.1167,100.3667,32.7,59,0.0,7.3,3,Clouds generally forming or developing
2026-05-23,13:00:00,Pahang,Kuantan,3.8167,103.3333,30.0,78,0.0,1.6,95,"Thunderstorm, slight or moderate, without hail** but with rain and/or snow at time of observation - Thunderstorm at time of observation"
2026-05-23,13:00:00,Sarawak,Sibu,2.3,111.8167,28.2,85,0.4,3.8,51,"Drizzle, not freezing, continuous 	slight at time of observation"
2026-05-23,13:00:00,Selangor,Petaling Jaya,3.1073,101.6067,33.9,48,0.0,2.0,3,Clouds generally forming or developing
2026-05-23,13:00:00,Selangor,Klang,3.0333,101.45,34.2,48,0.0,2.3,3,Clouds generally forming or developing
2026-05-23,13:00:00,Negeri Sembilan,Seremban,2.7297,101.9381,31.5,61,0.1,5.0,51,"Drizzle, not freezing, continuous 	slight at time of observation"
2026-05-23,13:00:00,Kuala Lumpur,Kuala Lumpur,3.1478,101.6953,34.2,47,0.0,1.7,3,Clouds generally forming or developing
2026-05-23,13:00:00,Melaka,Melaka,2.1889,102.2511,32.0,62,0.1,9.0,51,"Drizzle, not freezing, continuous 	slight at time of observation"
2026-05-23,13:00:00,Pulau Pinang,Bukit Mertajam,5.3631,100.4667,32.7,58,0.0,7.6,3,Clouds generally forming or developing
2026-05-23,13:00:00,Kelantan,Kota Bharu,6.1333,102.25,31.7,65,0.1,7.8,51,"Drizzle, not freezing, continuous 	slight at time of observation"
2026-05-23,13:00:00,Pahang,Kuala Lipis,4.184,102.042,32.8,60,0.0,3.4,3,Clouds generally forming or developing
2026-05-23,13:00:00,Sabah,Kota Kinabalu,5.975,116.0725,29.9,74,0.0,7.2,51,"Drizzle, not freezing, continuous 	slight at time of observation"
2026-05-23,13:00:00,Perlis,Kangar,6.4333,100.2,32.8,58,0.0,8.5,3,Clouds generally forming or developing
2026-05-23,13:00:00,Labuan,Labuan,5.2803,115.2475,31.0,63,0.0,13.4,3,Clouds generally forming or developing
2026-05-23,13:00:00,Pulau Pinang,Butterworth,5.3992,100.3639,32.8,58,0.0,7.6,3,Clouds generally forming or developing
2026-05-23,13:00:00,Johor,Johor Bahru,1.4556,103.7611,32.5,63,0.0,3.8,51,"Drizzle, not freezing, continuous 	slight at time of observation"
2026-05-23,13:00:00,Perak,Ipoh,4.6,101.07,36.2,38,0.0,4.1,3,Clouds generally forming or developing
2026-05-23,13:00:00,Putrajaya,Putrajaya,2.93,101.69,33.2,55,0.0,3.4,3,Clouds generally forming or developing
2026-05-23,13:00:00,Kedah,Sungai Petani,5.65,100.48,33.5,53,0.0,4.0,3,Clouds generally forming or developing
2026-05-23,13:00:00,Pulau Pinang,George Town,5.4145,100.3292,32.8,59,0.0,8.9,3,Clouds generally forming or developing
2026-05-23,13:00:00,Selangor,Shah Alam,3.0833,101.5333,33.7,50,0.0,3.4,3,Clouds generally forming or developing
2026-05-23,12:00:00,Terengganu,Kuala Terengganu,5.3303,103.1408,30.6,71,0.0,9.6,53,"Drizzle, not freezing, continuous 	moderate at time of observation"
2026-05-23,12:00:00,Kuala Lumpur,Kuala Lumpur,3.1478,101.6953,33.8,49,0.0,2.3,3,Clouds generally forming or developing
2026-05-23,12:00:00,Melaka,Melaka,2.1889,102.2511,31.8,64,0.0,9.0,51,"Drizzle, not freezing, continuous 	slight at time of observation"
2026-05-23,12:00:00,Selangor,Klang,3.0333,101.45,33.9,50,0.0,0.9,3,Clouds generally forming or developing
2026-05-23,12:00:00,Pahang,Raub,3.7931,101.8569,32.8,51,0.0,5.7,3,Clouds generally forming or developing
2026-05-23,12:00:00,Johor,Johor Bahru,1.4556,103.7611,32.2,66,0.0,2.6,95,"Thunderstorm, slight or moderate, without hail** but with rain and/or snow at time of observation - Thunderstorm at time of observation"
2026-05-23,12:00:00,Johor,Batu Pahat,1.85,102.93,32.0,65,0.0,3.8,3,Clouds generally forming or developing
2026-05-23,12:00:00,Perak,Taiping,4.85,100.7333,32.6,58,0.0,6.4,3,Clouds generally forming or developing
2026-05-23,12:00:00,Johor,Kluang,2.0336,103.3194,25.2,96,0.3,13.2,81,"Rain shower(s), moderate or heavy"
2026-05-23,12:00:00,Pahang,Kuantan,3.8167,103.3333,29.0,82,0.0,1.7,3,Clouds generally forming or developing
2026-05-23,12:00:00,Kelantan,Kota Bharu,6.1333,102.25,32.2,62,0.1,10.7,51,"Drizzle, not freezing, continuous 	slight at time of observation"
2026-05-23,12:00:00,Pahang,Kuala Lipis,4.184,102.042,32.4,61,0.0,2.2,3,Clouds generally forming or developing
2026-05-23,12:00:00,Kedah,Alor Setar,6.1167,100.3667,32.3,61,0.0,5.1,3,Clouds generally forming or developing
2026-05-23,12:00:00,Sabah,Lahad Datu,5.03,118.34,31.8,63,0.0,4.8,3,Clouds generally forming or developing
2026-05-23,12:00:00,Perak,Ipoh,4.6,101.07,35.2,42,0.0,2.4,3,Clouds generally forming or developing
2026-05-23,12:00:00,Pulau Pinang,George Town,5.4145,100.3292,32.4,60,0.0,6.9,3,Clouds generally forming or developing
2026-05-23,12:00:00,Pulau Pinang,Butterworth,5.3992,100.3639,32.2,61,0.0,6.5,3,Clouds generally forming or developing
2026-05-23,12:00:00,Sarawak,Miri,4.4028,113.9933,30.4,71,0.0,11.0,3,Clouds generally forming or developing
2026-05-23,12:00:00,Selangor,Shah Alam,3.0833,101.5333,33.5,51,0.0,1.7,3,Clouds generally forming or developing
2026-05-23,12:00:00,Perak,Teluk Intan,4.0259,101.0213,31.9,65,0.1,3.7,51,"Drizzle, not freezing, continuous 	slight at time of observation"
2026-05-23,12:00:00,Pulau Pinang,Bukit Mertajam,5.3631,100.4667,32.2,61,0.0,6.5,3,Clouds generally forming or developing
2026-05-23,12:00:00,Perlis,Kangar,6.4333,100.2,32.3,59,0.0,6.1,3,Clouds generally forming or developing
2026-05-23,12:00:00,Sarawak,Bintulu,3.17,113.03,30.6,69,0.0,5.7,51,"Drizzle, not freezing, continuous 	slight at time of observation"
2026-05-23,12:00:00,Sarawak,Kuching,1.5397,110.3542,29.4,72,0.0,6.6,3,Clouds generally forming or developing
2026-05-23,12:00:00,Labuan,Labuan,5.2803,115.2475,31.1,63,0.0,11.7,2,State of sky on the whole unchanged
2026-05-23,12:00:00,Sabah,Kota Kinabalu,5.975,116.0725,29.7,74,0.1,7.0,51,"Drizzle, not freezing, continuous 	slight at time of observation"
2026-05-23,12:00:00,Sarawak,Sibu,2.3,111.8167,28.0,86,0.3,3.4,51,"Drizzle, not freezing, continuous 	slight at time of observation"
2026-05-23,12:00:00,Johor,Muar,2.05,102.56,31.4,66,0.1,9.2,51,"Drizzle, not freezing, continuous 	slight at time of observation"
2026-05-23,12:00:00,Kedah,Sungai Petani,5.65,100.48,32.9,55,0.0,2.7,3,Clouds generally forming or developing
2026-05-23,12:00:00,Sabah,Tawau,4.2448,117.8911,32.7,58,0.0,3.4,3,Clouds generally forming or developing
2026-05-23,12:00:00,Negeri Sembilan,Seremban,2.7297,101.9381,32.2,58,0.1,2.0,51,"Drizzle, not freezing, continuous 	slight at time of observation"
2026-05-23,12:00:00,Selangor,Petaling Jaya,3.1073,101.6067,33.7,49,0.0,2.2,3,Clouds generally forming or developing
2026-05-23,12:00:00,Putrajaya,Putrajaya,2.93,101.69,32.7,56,0.0,1.8,3,Clouds generally forming or developing
2026-05-23,11:00:00,Putrajaya,Putrajaya,2.93,101.69,32.0,61,0.0,1.7,3,Clouds generally forming or developing
2026-05-23,11:00:00,Sarawak,Miri,4.4028,113.9933,29.9,73,0.0,11.7,3,Clouds generally forming or developing
2026-05-23,11:00:00,Negeri Sembilan,Seremban,2.7297,101.9381,31.4,62,0.0,2.3,51,"Drizzle, not freezing, continuous 	slight at time of observation"
2026-05-23,11:00:00,Pulau Pinang,George Town,5.4145,100.3292,31.8,63,0.0,5.1,3,Clouds generally forming or developing
2026-05-23,11:00:00,Kuala Lumpur,Kuala Lumpur,3.1478,101.6953,33.2,52,0.0,0.8,3,Clouds generally forming or developing
2026-05-23,11:00:00,Johor,Muar,2.05,102.56,31.6,65,0.0,5.6,2,State of sky on the whole unchanged
2026-05-23,11:00:00,Selangor,Shah Alam,3.0833,101.5333,32.7,55,0.0,0.9,2,State of sky on the whole unchanged
2026-05-23,11:00:00,Kedah,Alor Setar,6.1167,100.3667,31.5,66,0.0,3.5,3,Clouds generally forming or developing
2026-05-23,11:00:00,Johor,Batu Pahat,1.85,102.93,31.5,68,0.0,4.1,2,State of sky on the whole unchanged
2026-05-23,11:00:00,Pahang,Kuantan,3.8167,103.3333,27.4,90,0.4,3.6,51,"Drizzle, not freezing, continuous 	slight at time of observation"
2026-05-23,11:00:00,Selangor,Petaling Jaya,3.1073,101.6067,32.9,53,0.0,0.6,3,Clouds generally forming or developing
2026-05-23,11:00:00,Johor,Johor Bahru,1.4556,103.7611,31.2,70,0.0,3.9,95,"Thunderstorm, slight or moderate, without hail** but with rain and/or snow at time of observation - Thunderstorm at time of observation"
2026-05-23,11:00:00,Sarawak,Sibu,2.3,111.8167,27.3,89,0.1,2.4,51,"Drizzle, not freezing, continuous 	slight at time of observation"
2026-05-23,11:00:00,Johor,Kluang,2.0336,103.3194,31.1,70,0.0,2.6,95,"Thunderstorm, slight or moderate, without hail** but with rain and/or snow at time of observation - Thunderstorm at time of observation"
2026-05-23,11:00:00,Pulau Pinang,Bukit Mertajam,5.3631,100.4667,31.6,65,0.0,5.4,3,Clouds generally forming or developing
2026-05-23,11:00:00,Kedah,Sungai Petani,5.65,100.48,32.0,60,0.0,1.8,3,Clouds generally forming or developing
2026-05-23,11:00:00,Pulau Pinang,Butterworth,5.3992,100.3639,31.7,65,0.0,5.4,3,Clouds generally forming or developing
2026-05-23,11:00:00,Terengganu,Kuala Terengganu,5.3303,103.1408,32.0,64,0.0,5.4,3,Clouds generally forming or developing
2026-05-23,11:00:00,Pahang,Kuala Lipis,4.184,102.042,31.2,67,0.0,1.6,3,Clouds generally forming or developing
2026-05-23,11:00:00,Sarawak,Bintulu,3.17,113.03,30.0,74,0.1,6.1,51,"Drizzle, not freezing, continuous 	slight at time of observation"
2026-05-23,11:00:00,Perak,Teluk Intan,4.0259,101.0213,31.4,67,0.0,1.9,2,State of sky on the whole unchanged
2026-05-23,11:00:00,Selangor,Klang,3.0333,101.45,32.8,55,0.0,0.3,2,State of sky on the whole unchanged
2026-05-23,11:00:00,Melaka,Melaka,2.1889,102.2511,31.8,66,0.0,5.1,3,Clouds generally forming or developing
2026-05-23,11:00:00,Kelantan,Kota Bharu,6.1333,102.25,32.8,57,0.0,6.6,51,"Drizzle, not freezing, continuous 	slight at time of observation"
2026-05-23,11:00:00,Perlis,Kangar,6.4333,100.2,31.6,64,0.1,2.2,51,"Drizzle, not freezing, continuous 	slight at time of observation"
2026-05-23,11:00:00,Labuan,Labuan,5.2803,115.2475,30.9,65,0.0,10.1,3,Clouds generally forming or developing
2026-05-23,11:00:00,Sabah,Kota Kinabalu,5.975,116.0725,29.4,75,0.0,9.9,51,"Drizzle, not freezing, continuous 	slight at time of observation"
2026-05-23,11:00:00,Sabah,Lahad Datu,5.03,118.34,31.5,62,0.1,4.0,51,"Drizzle, not freezing, continuous 	slight at time of observation"
2026-05-23,11:00:00,Sabah,Tawau,4.2448,117.8911,32.0,61,0.0,6.9,3,Clouds generally forming or developing
2026-05-23,11:00:00,Perak,Taiping,4.85,100.7333,32.1,60,0.0,4.5,2,State of sky on the whole unchanged
2026-05-23,11:00:00,Perak,Ipoh,4.6,101.07,33.8,47,0.0,1.5,3,Clouds generally forming or developing
2026-05-23,11:00:00,Sarawak,Kuching,1.5397,110.3542,28.0,78,0.0,6.6,3,Clouds generally forming or developing
2026-05-23,11:00:00,Pahang,Raub,3.7931,101.8569,31.7,55,0.0,4.6,51,"Drizzle, not freezing, continuous 	slight at time of observation"
2026-05-23,10:00:00,Johor,Batu Pahat,1.85,102.93,30.2,76,0.0,5.6,95,"Thunderstorm, slight or moderate, without hail** but with rain and/or snow at time of observation - Thunderstorm at time of observation"
2026-05-23,10:00:00,Johor,Kluang,2.0336,103.3194,30.0,75,0.0,3.3,95,"Thunderstorm, slight or moderate, without hail** but with rain and/or snow at time of observation - Thunderstorm at time of observation"
2026-05-23,10:00:00,Melaka,Melaka,2.1889,102.2511,30.9,71,0.0,7.1,95,"Thunderstorm, slight or moderate, without hail** but with rain and/or snow at time of observation - Thunderstorm at time of observation"
2026-05-23,10:00:00,Sarawak,Bintulu,3.17,113.03,29.2,81,0.0,7.3,3,Clouds generally forming or developing
2026-05-23,10:00:00,Kelantan,Kota Bharu,6.1333,102.25,32.2,60,0.0,0.9,51,"Drizzle, not freezing, continuous 	slight at time of observation"
2026-05-23,10:00:00,Johor,Johor Bahru,1.4556,103.7611,30.3,75,0.0,4.4,95,"Thunderstorm, slight or moderate, without hail** but with rain and/or snow at time of observation - Thunderstorm at time of observation"
2026-05-23,10:00:00,Labuan,Labuan,5.2803,115.2475,30.2,69,0.0,12.5,3,Clouds generally forming or developing
2026-05-23,10:00:00,Pahang,Kuala Lipis,4.184,102.042,30.0,74,0.0,0.9,3,Clouds generally forming or developing
2026-05-23,10:00:00,Sabah,Lahad Datu,5.03,118.34,30.8,64,0.0,5.6,3,Clouds generally forming or developing
2026-05-23,10:00:00,Sabah,Kota Kinabalu,5.975,116.0725,29.0,77,0.4,7.9,51,"Drizzle, not freezing, continuous 	slight at time of observation"
2026-05-23,10:00:00,Sabah,Tawau,4.2448,117.8911,30.8,65,0.0,8.4,3,Clouds generally forming or developing
2026-05-23,10:00:00,Pahang,Kuantan,3.8167,103.3333,26.1,96,1.1,11.5,80,"Rain shower(s), slight"
2026-05-23,10:00:00,Sarawak,Sibu,2.3,111.8167,26.8,92,0.0,1.5,51,"Drizzle, not freezing, continuous 	slight at time of observation"
2026-05-23,10:00:00,Pulau Pinang,George Town,5.4145,100.3292,30.7,70,0.0,2.7,0,Cloud development not observed or not observable
2026-05-23,10:00:00,Perak,Taiping,4.85,100.7333,31.0,66,0.0,2.5,2,State of sky on the whole unchanged
2026-05-23,10:00:00,Perlis,Kangar,6.4333,100.2,30.3,72,0.0,3.8,1,Clouds generally dissolving or becoming less developed
2026-05-23,10:00:00,Putrajaya,Putrajaya,2.93,101.69,30.8,68,0.0,2.0,2,State of sky on the whole unchanged
2026-05-23,10:00:00,Selangor,Klang,3.0333,101.45,31.8,63,0.0,1.9,2,State of sky on the whole unchanged
2026-05-23,10:00:00,Kuala Lumpur,Kuala Lumpur,3.1478,101.6953,31.8,61,0.0,1.3,2,State of sky on the whole unchanged
2026-05-23,10:00:00,Negeri Sembilan,Seremban,2.7297,101.9381,31.2,63,0.0,2.3,3,Clouds generally forming or developing
2026-05-23,10:00:00,Pulau Pinang,Butterworth,5.3992,100.3639,30.6,71,0.0,4.4,1,Clouds generally dissolving or becoming less developed
2026-05-23,10:00:00,Perak,Ipoh,4.6,101.07,32.1,52,0.0,2.0,2,State of sky on the whole unchanged
2026-05-23,10:00:00,Kedah,Alor Setar,6.1167,100.3667,30.0,75,0.0,4.3,2,State of sky on the whole unchanged
2026-05-23,10:00:00,Pahang,Raub,3.7931,101.8569,30.5,59,0.0,4.1,2,State of sky on the whole unchanged
2026-05-23,10:00:00,Sarawak,Miri,4.4028,113.9933,29.5,74,0.0,11.0,3,Clouds generally forming or developing
2026-05-23,10:00:00,Selangor,Shah Alam,3.0833,101.5333,31.6,63,0.0,1.4,2,State of sky on the whole unchanged
2026-05-23,10:00:00,Kedah,Sungai Petani,5.65,100.48,30.4,72,0.0,2.7,1,Clouds generally dissolving or becoming less developed
2026-05-23,10:00:00,Pulau Pinang,Bukit Mertajam,5.3631,100.4667,30.5,71,0.0,4.4,1,Clouds generally dissolving or becoming less developed
2026-05-23,10:00:00,Johor,Muar,2.05,102.56,30.9,70,0.0,6.3,1,Clouds generally dissolving or becoming less developed
2026-05-23,10:00:00,Selangor,Petaling Jaya,3.1073,101.6067,31.6,62,0.0,1.7,2,State of sky on the whole unchanged
2026-05-23,10:00:00,Sarawak,Kuching,1.5397,110.3542,26.6,84,0.0,7.0,3,Clouds generally forming or developing
2026-05-23,10:00:00,Terengganu,Kuala Terengganu,5.3303,103.1408,31.2,68,0.0,3.3,3,Clouds generally forming or developing
2026-05-23,10:00:00,Perak,Teluk Intan,4.0259,101.0213,30.1,70,0.0,0.8,1,Clouds generally dissolving or becoming less developed
2026-05-23,09:00:00,Sarawak,Kuching,1.5397,110.3542,25.5,89,0.0,7.8,3,Clouds generally forming or developing
2026-05-23,09:00:00,Melaka,Melaka,2.1889,102.2511,29.0,81,0.0,8.2,95,"Thunderstorm, slight or moderate, without hail** but with rain and/or snow at time of observation - Thunderstorm at time of observation"
2026-05-23,09:00:00,Sabah,Tawau,4.2448,117.8911,29.5,72,0.0,9.6,3,Clouds generally forming or developing
2026-05-23,09:00:00,Johor,Johor Bahru,1.4556,103.7611,28.5,88,0.0,2.5,95,"Thunderstorm, slight or moderate, without hail** but with rain and/or snow at time of observation - Thunderstorm at time of observation"
2026-05-23,09:00:00,Terengganu,Kuala Terengganu,5.3303,103.1408,29.6,77,0.0,2.4,3,Clouds generally forming or developing
2026-05-23,09:00:00,Pulau Pinang,Butterworth,5.3992,100.3639,29.5,76,0.0,3.1,1,Clouds generally dissolving or becoming less developed
2026-05-23,09:00:00,Selangor,Shah Alam,3.0833,101.5333,29.9,73,0.0,2.7,2,State of sky on the whole unchanged
2026-05-23,09:00:00,Pahang,Kuantan,3.8167,103.3333,27.3,92,0.3,2.3,95,"Thunderstorm, slight or moderate, without hail** but with rain and/or snow at time of observation - Thunderstorm at time of observation"
2026-05-23,09:00:00,Selangor,Petaling Jaya,3.1073,101.6067,29.8,71,0.0,2.6,2,State of sky on the whole unchanged
2026-05-23,09:00:00,Kedah,Sungai Petani,5.65,100.48,28.4,81,0.0,3.2,1,Clouds generally dissolving or becoming less developed
2026-05-23,09:00:00,Sarawak,Bintulu,3.17,113.03,27.8,90,0.0,6.9,3,Clouds generally forming or developing
2026-05-23,09:00:00,Negeri Sembilan,Seremban,2.7297,101.9381,29.5,75,0.0,2.4,3,Clouds generally forming or developing
2026-05-23,09:00:00,Perak,Ipoh,4.6,101.07,29.9,59,0.0,3.8,1,Clouds generally dissolving or becoming less developed
2026-05-23,09:00:00,Perak,Taiping,4.85,100.7333,29.4,74,0.0,1.3,1,Clouds generally dissolving or becoming less developed
2026-05-23,09:00:00,Selangor,Klang,3.0333,101.45,30.0,75,0.0,2.1,2,State of sky on the whole unchanged
2026-05-23,09:00:00,Sabah,Kota Kinabalu,5.975,116.0725,28.2,78,0.0,10.1,51,"Drizzle, not freezing, continuous 	slight at time of observation"
2026-05-23,09:00:00,Kedah,Alor Setar,6.1167,100.3667,27.8,88,0.0,4.0,3,Clouds generally forming or developing
2026-05-23,09:00:00,Putrajaya,Putrajaya,2.93,101.69,29.0,78,0.0,2.3,2,State of sky on the whole unchanged
2026-05-23,09:00:00,Kelantan,Kota Bharu,6.1333,102.25,30.5,70,0.0,6.0,3,Clouds generally forming or developing
2026-05-23,09:00:00,Pulau Pinang,Bukit Mertajam,5.3631,100.4667,29.4,76,0.0,3.1,1,Clouds generally dissolving or becoming less developed
2026-05-23,09:00:00,Perlis,Kangar,6.4333,100.2,28.6,78,0.0,3.5,2,State of sky on the whole unchanged
2026-05-23,09:00:00,Sarawak,Sibu,2.3,111.8167,26.2,94,0.0,2.5,51,"Drizzle, not freezing, continuous 	slight at time of observation"
2026-05-23,09:00:00,Perak,Teluk Intan,4.0259,101.0213,28.7,77,0.0,1.8,1,Clouds generally dissolving or becoming less developed
2026-05-23,09:00:00,Pahang,Raub,3.7931,101.8569,28.8,67,0.0,1.1,2,State of sky on the whole unchanged
2026-05-23,09:00:00,Johor,Kluang,2.0336,103.3194,28.6,82,0.0,3.2,0,Cloud development not observed or not observable
2026-05-23,09:00:00,Sarawak,Miri,4.4028,113.9933,28.9,77,0.0,9.0,3,Clouds generally forming or developing
2026-05-23,09:00:00,Sabah,Lahad Datu,5.03,118.34,30.0,67,0.0,7.5,3,Clouds generally forming or developing
2026-05-23,09:00:00,Labuan,Labuan,5.2803,115.2475,29.6,73,0.0,12.1,3,Clouds generally forming or developing
2026-05-23,09:00:00,Johor,Batu Pahat,1.85,102.93,28.4,86,0.0,4.6,95,"Thunderstorm, slight or moderate, without hail** but with rain and/or snow at time of observation - Thunderstorm at time of observation"
2026-05-23,09:00:00,Pulau Pinang,George Town,5.4145,100.3292,29.3,80,0.0,1.4,1,Clouds generally dissolving or becoming less developed
2026-05-23,09:00:00,Johor,Muar,2.05,102.56,29.1,80,0.0,5.8,95,"Thunderstorm, slight or moderate, without hail** but with rain and/or snow at time of observation - Thunderstorm at time of observation"
2026-05-23,09:00:00,Kuala Lumpur,Kuala Lumpur,3.1478,101.6953,29.7,73,0.0,1.8,2,State of sky on the whole unchanged
2026-05-23,09:00:00,Pahang,Kuala Lipis,4.184,102.042,28.4,82,0.0,1.9,3,Clouds generally forming or developing
2026-05-23,08:00:00,Selangor,Shah Alam,3.0833,101.5333,28.0,83,0.0,4.7,2,State of sky on the whole unchanged
2026-05-23,08:00:00,Pahang,Kuala Lipis,4.184,102.042,26.5,91,0.0,4.0,3,Clouds generally forming or developing
2026-05-23,08:00:00,Pahang,Kuantan,3.8167,103.3333,26.2,96,0.2,1.5,51,"Drizzle, not freezing, continuous 	slight at time of observation"
2026-05-23,08:00:00,Negeri Sembilan,Seremban,2.7297,101.9381,27.2,82,0.0,6.0,2,State of sky on the whole unchanged
2026-05-23,08:00:00,Johor,Muar,2.05,102.56,27.2,87,0.0,6.7,1,Clouds generally dissolving or becoming less developed
2026-05-23,08:00:00,Sarawak,Kuching,1.5397,110.3542,24.8,93,0.0,8.5,3,Clouds generally forming or developing
2026-05-23,08:00:00,Kelantan,Kota Bharu,6.1333,102.25,28.0,85,0.0,7.4,3,Clouds generally forming or developing
2026-05-23,08:00:00,Kedah,Alor Setar,6.1167,100.3667,25.4,95,0.0,6.2,2,State of sky on the whole unchanged
2026-05-23,08:00:00,Pulau Pinang,Butterworth,5.3992,100.3639,27.4,84,0.0,3.4,1,Clouds generally dissolving or becoming less developed
2026-05-23,08:00:00,Kedah,Sungai Petani,5.65,100.48,25.9,89,0.0,5.6,1,Clouds generally dissolving or becoming less developed
2026-05-23,08:00:00,Labuan,Labuan,5.2803,115.2475,28.9,78,0.0,13.2,3,Clouds generally forming or developing
2026-05-23,08:00:00,Sabah,Kota Kinabalu,5.975,116.0725,28.7,73,0.0,6.3,3,Clouds generally forming or developing
2026-05-23,08:00:00,Pulau Pinang,George Town,5.4145,100.3292,27.6,91,0.0,3.6,1,Clouds generally dissolving or becoming less developed
2026-05-23,08:00:00,Sabah,Tawau,4.2448,117.8911,28.3,79,0.0,8.8,3,Clouds generally forming or developing
2026-05-23,08:00:00,Johor,Johor Bahru,1.4556,103.7611,25.7,98,0.0,3.3,3,Clouds generally forming or developing
2026-05-23,08:00:00,Selangor,Klang,3.0333,101.45,27.6,87,0.0,4.9,2,State of sky on the whole unchanged
2026-05-23,08:00:00,Pulau Pinang,Bukit Mertajam,5.3631,100.4667,27.4,84,0.0,3.4,1,Clouds generally dissolving or becoming less developed
2026-05-23,08:00:00,Sarawak,Sibu,2.3,111.8167,25.8,95,0.0,4.7,3,Clouds generally forming or developing
2026-05-23,08:00:00,Sarawak,Miri,4.4028,113.9933,27.5,83,0.0,7.4,3,Clouds generally forming or developing
2026-05-23,08:00:00,Johor,Batu Pahat,1.85,102.93,26.4,93,0.0,5.4,3,Clouds generally forming or developing
2026-05-23,08:00:00,Kuala Lumpur,Kuala Lumpur,3.1478,101.6953,27.2,86,0.0,3.5,2,State of sky on the whole unchanged
2026-05-23,08:00:00,Pahang,Raub,3.7931,101.8569,26.5,76,0.0,2.7,2,State of sky on the whole unchanged
2026-05-23,08:00:00,Putrajaya,Putrajaya,2.93,101.69,27.4,84,0.0,5.6,2,State of sky on the whole unchanged
2026-05-23,08:00:00,Sabah,Lahad Datu,5.03,118.34,29.1,75,0.0,5.9,3,Clouds generally forming or developing
2026-05-23,08:00:00,Melaka,Melaka,2.1889,102.2511,26.8,89,0.1,8.5,51,"Drizzle, not freezing, continuous 	slight at time of observation"
2026-05-23,08:00:00,Selangor,Petaling Jaya,3.1073,101.6067,28.0,79,0.0,4.0,2,State of sky on the whole unchanged
2026-05-23,08:00:00,Sarawak,Bintulu,3.17,113.03,26.4,95,0.0,7.2,3,Clouds generally forming or developing
2026-05-23,08:00:00,Perak,Teluk Intan,4.0259,101.0213,27.5,83,0.0,2.2,1,Clouds generally dissolving or becoming less developed
2026-05-23,08:00:00,Perak,Ipoh,4.6,101.07,27.5,68,0.0,6.0,1,Clouds generally dissolving or becoming less developed
2026-05-23,08:00:00,Terengganu,Kuala Terengganu,5.3303,103.1408,27.2,90,0.0,4.3,3,Clouds generally forming or developing
2026-05-23,08:00:00,Perlis,Kangar,6.4333,100.2,26.5,87,0.0,3.4,2,State of sky on the whole unchanged
2026-05-23,08:00:00,Johor,Kluang,2.0336,103.3194,26.5,93,0.0,3.3,3,Clouds generally forming or developing
2026-05-23,08:00:00,Perak,Taiping,4.85,100.7333,26.0,85,0.0,1.8,1,Clouds generally dissolving or becoming less developed
2026-05-23,07:00:00,Negeri Sembilan,Seremban,2.7297,101.9381,26.2,86,0.0,6.4,1,Clouds generally dissolving or becoming less developed
2026-05-23,07:00:00,Johor,Muar,2.05,102.56,26.5,88,0.0,8.8,1,Clouds generally dissolving or becoming less developed
2026-05-23,07:00:00,Putrajaya,Putrajaya,2.93,101.69,26.5,84,0.0,5.0,2,State of sky on the whole unchanged
2026-05-23,07:00:00,Kedah,Sungai Petani,5.65,100.48,24.6,96,0.0,5.1,1,Clouds generally dissolving or becoming less developed
2026-05-23,07:00:00,Sabah,Kota Kinabalu,5.975,116.0725,27.1,77,0.0,5.1,3,Clouds generally forming or developing
2026-05-23,07:00:00,Sabah,Tawau,4.2448,117.8911,26.5,84,0.0,11.7,3,Clouds generally forming or developing
2026-05-23,07:00:00,Labuan,Labuan,5.2803,115.2475,28.2,78,0.0,14.6,3,Clouds generally forming or developing
2026-05-23,07:00:00,Sarawak,Miri,4.4028,113.9933,25.4,88,0.0,7.4,3,Clouds generally forming or developing
2026-05-23,07:00:00,Johor,Johor Bahru,1.4556,103.7611,24.0,100,0.0,4.7,3,Clouds generally forming or developing
2026-05-23,07:00:00,Pahang,Kuantan,3.8167,103.3333,25.6,97,0.3,4.0,51,"Drizzle, not freezing, continuous 	slight at time of observation"
2026-05-23,07:00:00,Kedah,Alor Setar,6.1167,100.3667,24.2,99,0.0,4.8,3,Clouds generally forming or developing
2026-05-23,07:00:00,Pahang,Raub,3.7931,101.8569,24.0,81,0.0,2.2,3,Clouds generally forming or developing
2026-05-23,07:00:00,Sabah,Lahad Datu,5.03,118.34,27.0,87,0.0,4.5,3,Clouds generally forming or developing
2026-05-23,07:00:00,Pahang,Kuala Lipis,4.184,102.042,24.6,98,0.0,3.0,3,Clouds generally forming or developing
2026-05-23,07:00:00,Johor,Batu Pahat,1.85,102.93,24.9,97,0.0,6.7,1,Clouds generally dissolving or becoming less developed
2026-05-23,07:00:00,Perlis,Kangar,6.4333,100.2,25.1,92,0.0,3.6,3,Clouds generally forming or developing
2026-05-23,07:00:00,Pulau Pinang,George Town,5.4145,100.3292,26.9,94,0.0,2.3,95,"Thunderstorm, slight or moderate, without hail** but with rain and/or snow at time of observation - Thunderstorm at time of observation"
2026-05-23,07:00:00,Pulau Pinang,Butterworth,5.3992,100.3639,26.1,89,0.0,4.0,1,Clouds generally dissolving or becoming less developed
2026-05-23,07:00:00,Terengganu,Kuala Terengganu,5.3303,103.1408,25.2,99,0.0,5.1,3,Clouds generally forming or developing
2026-05-23,07:00:00,Selangor,Shah Alam,3.0833,101.5333,26.9,86,0.0,4.3,2,State of sky on the whole unchanged
2026-05-23,07:00:00,Sarawak,Kuching,1.5397,110.3542,23.8,97,0.0,7.8,3,Clouds generally forming or developing
2026-05-23,07:00:00,Pulau Pinang,Bukit Mertajam,5.3631,100.4667,26.0,89,0.0,4.0,1,Clouds generally dissolving or becoming less developed
2026-05-23,07:00:00,Selangor,Klang,3.0333,101.45,26.4,90,0.0,4.2,3,Clouds generally forming or developing
2026-05-23,07:00:00,Johor,Kluang,2.0336,103.3194,24.6,96,0.0,7.6,2,State of sky on the whole unchanged
2026-05-23,07:00:00,Melaka,Melaka,2.1889,102.2511,25.9,89,0.1,10.1,51,"Drizzle, not freezing, continuous 	slight at time of observation"
2026-05-23,07:00:00,Sarawak,Sibu,2.3,111.8167,24.5,97,0.0,5.0,3,Clouds generally forming or developing
2026-05-23,07:00:00,Perak,Taiping,4.85,100.7333,25.6,78,0.0,2.7,1,Clouds generally dissolving or becoming less developed
2026-05-23,07:00:00,Perak,Ipoh,4.6,101.07,25.8,73,0.0,5.6,2,State of sky on the whole unchanged
2026-05-23,07:00:00,Kelantan,Kota Bharu,6.1333,102.25,26.5,92,0.0,6.4,2,State of sky on the whole unchanged
2026-05-23,07:00:00,Perak,Teluk Intan,4.0259,101.0213,26.0,91,0.0,3.4,0,Cloud development not observed or not observable
2026-05-23,07:00:00,Sarawak,Bintulu,3.17,113.03,25.3,98,0.1,5.3,51,"Drizzle, not freezing, continuous 	slight at time of observation"
2026-05-23,07:00:00,Selangor,Petaling Jaya,3.1073,101.6067,26.3,85,0.0,2.7,3,Clouds generally forming or developing
2026-05-23,07:00:00,Kuala Lumpur,Kuala Lumpur,3.1478,101.6953,25.6,89,0.0,1.9,3,Clouds generally forming or developing
2026-05-23,06:00:00,Pulau Pinang,Bukit Mertajam,5.3631,100.4667,26.3,89,0.0,4.2,2,State of sky on the whole unchanged
2026-05-23,06:00:00,Perak,Ipoh,4.6,101.07,26.4,72,0.0,5.1,3,Clouds generally forming or developing
2026-05-23,06:00:00,Perak,Taiping,4.85,100.7333,25.9,76,0.0,4.6,1,Clouds generally dissolving or becoming less developed
2026-05-23,06:00:00,Johor,Johor Bahru,1.4556,103.7611,24.1,99,0.0,3.8,3,Clouds generally forming or developing
2026-05-23,06:00:00,Selangor,Petaling Jaya,3.1073,101.6067,26.5,85,0.0,3.2,3,Clouds generally forming or developing
2026-05-23,06:00:00,Putrajaya,Putrajaya,2.93,101.69,26.6,87,0.0,5.2,2,State of sky on the whole unchanged
2026-05-23,06:00:00,Kelantan,Kota Bharu,6.1333,102.25,26.6,91,0.0,7.2,3,Clouds generally forming or developing
2026-05-23,06:00:00,Johor,Muar,2.05,102.56,26.6,88,0.0,8.7,1,Clouds generally dissolving or becoming less developed
2026-05-23,06:00:00,Kedah,Sungai Petani,5.65,100.48,24.9,96,0.0,5.4,1,Clouds generally dissolving or becoming less developed
2026-05-23,06:00:00,Selangor,Shah Alam,3.0833,101.5333,27.1,86,0.0,4.5,3,Clouds generally forming or developing
2026-05-23,06:00:00,Pahang,Kuala Lipis,4.184,102.042,24.9,96,0.0,1.8,3,Clouds generally forming or developing
2026-05-23,06:00:00,Kuala Lumpur,Kuala Lumpur,3.1478,101.6953,25.8,88,0.0,2.7,3,Clouds generally forming or developing
2026-05-23,06:00:00,Perlis,Kangar,6.4333,100.2,25.2,91,0.0,3.6,2,State of sky on the whole unchanged
2026-05-23,06:00:00,Melaka,Melaka,2.1889,102.2511,25.9,89,0.0,8.2,2,State of sky on the whole unchanged
2026-05-23,06:00:00,Johor,Kluang,2.0336,103.3194,24.9,96,0.0,2.6,3,Clouds generally forming or developing
2026-05-23,06:00:00,Pahang,Kuantan,3.8167,103.3333,25.8,95,1.2,2.0,55,"Drizzle, not freezing, continuous heavy (dense) at time of observation"
2026-05-23,06:00:00,Sabah,Kota Kinabalu,5.975,116.0725,25.8,80,0.0,5.1,3,Clouds generally forming or developing
2026-05-23,06:00:00,Sarawak,Bintulu,3.17,113.03,25.1,98,0.1,6.6,51,"Drizzle, not freezing, continuous 	slight at time of observation"
2026-05-23,06:00:00,Sarawak,Sibu,2.3,111.8167,24.2,98,0.0,4.5,3,Clouds generally forming or developing
2026-05-23,06:00:00,Pulau Pinang,George Town,5.4145,100.3292,27.2,90,0.0,1.1,2,State of sky on the whole unchanged
2026-05-23,06:00:00,Sabah,Tawau,4.2448,117.8911,25.6,88,0.0,10.0,3,Clouds generally forming or developing
2026-05-23,06:00:00,Selangor,Klang,3.0333,101.45,26.5,90,0.0,5.0,2,State of sky on the whole unchanged
2026-05-23,06:00:00,Labuan,Labuan,5.2803,115.2475,27.9,77,0.0,14.8,3,Clouds generally forming or developing
2026-05-23,06:00:00,Pulau Pinang,Butterworth,5.3992,100.3639,26.4,89,0.0,4.2,2,State of sky on the whole unchanged
2026-05-23,06:00:00,Negeri Sembilan,Seremban,2.7297,101.9381,26.5,86,0.0,6.0,3,Clouds generally forming or developing
2026-05-23,06:00:00,Sarawak,Miri,4.4028,113.9933,24.8,90,0.0,7.4,3,Clouds generally forming or developing
2026-05-23,06:00:00,Johor,Batu Pahat,1.85,102.93,25.0,96,0.0,5.6,1,Clouds generally dissolving or becoming less developed
2026-05-23,06:00:00,Sarawak,Kuching,1.5397,110.3542,23.8,97,0.0,6.6,3,Clouds generally forming or developing
2026-05-23,06:00:00,Kedah,Alor Setar,6.1167,100.3667,24.6,98,0.0,4.6,3,Clouds generally forming or developing
2026-05-23,06:00:00,Pahang,Raub,3.7931,101.8569,24.3,80,0.0,2.0,3,Clouds generally forming or developing
2026-05-23,06:00:00,Sabah,Lahad Datu,5.03,118.34,25.4,91,0.0,4.5,3,Clouds generally forming or developing
2026-05-23,06:00:00,Terengganu,Kuala Terengganu,5.3303,103.1408,25.3,98,0.0,4.1,3,Clouds generally forming or developing
2026-05-23,06:00:00,Perak,Teluk Intan,4.0259,101.0213,26.2,91,0.0,3.9,1,Clouds generally dissolving or becoming less developed
2026-05-23,05:00:00,Perak,Ipoh,4.6,101.07,26.8,72,0.0,5.6,3,Clouds generally forming or developing
2026-05-23,05:00:00,Selangor,Petaling Jaya,3.1073,101.6067,26.8,86,0.0,3.6,2,State of sky on the whole unchanged
2026-05-23,05:00:00,Johor,Batu Pahat,1.85,102.93,25.2,94,0.0,5.2,1,Clouds generally dissolving or becoming less developed
2026-05-23,05:00:00,Selangor,Klang,3.0333,101.45,26.6,88,0.0,5.1,1,Clouds generally dissolving or becoming less developed
2026-05-23,05:00:00,Pahang,Kuala Lipis,4.184,102.042,25.4,94,0.0,2.3,3,Clouds generally forming or developing
2026-05-23,05:00:00,Putrajaya,Putrajaya,2.93,101.69,26.8,89,0.0,5.1,2,State of sky on the whole unchanged
2026-05-23,05:00:00,Sarawak,Sibu,2.3,111.8167,24.2,98,0.0,3.2,3,Clouds generally forming or developing
2026-05-23,05:00:00,Pulau Pinang,Butterworth,5.3992,100.3639,26.7,87,0.0,3.5,2,State of sky on the whole unchanged
2026-05-23,05:00:00,Pahang,Kuantan,3.8167,103.3333,25.4,96,1.6,5.0,80,"Rain shower(s), slight"
2026-05-23,05:00:00,Kuala Lumpur,Kuala Lumpur,3.1478,101.6953,26.0,88,0.0,3.5,3,Clouds generally forming or developing
2026-05-23,05:00:00,Sarawak,Miri,4.4028,113.9933,25.0,91,0.0,9.7,3,Clouds generally forming or developing
2026-05-23,05:00:00,Kedah,Alor Setar,6.1167,100.3667,25.0,96,0.0,3.9,3,Clouds generally forming or developing
2026-05-23,05:00:00,Pahang,Raub,3.7931,101.8569,24.8,77,0.0,1.8,2,State of sky on the whole unchanged
2026-05-23,05:00:00,Sabah,Lahad Datu,5.03,118.34,25.3,92,0.0,3.8,3,Clouds generally forming or developing
2026-05-23,05:00:00,Sabah,Tawau,4.2448,117.8911,25.6,88,0.0,7.5,3,Clouds generally forming or developing
2026-05-23,05:00:00,Perak,Teluk Intan,4.0259,101.0213,26.5,91,0.0,3.8,3,Clouds generally forming or developing
2026-05-23,05:00:00,Johor,Johor Bahru,1.4556,103.7611,24.1,100,0.0,2.5,3,Clouds generally forming or developing
2026-05-23,05:00:00,Pulau Pinang,Bukit Mertajam,5.3631,100.4667,26.6,87,0.0,3.5,2,State of sky on the whole unchanged
2026-05-23,05:00:00,Terengganu,Kuala Terengganu,5.3303,103.1408,25.6,97,0.0,3.0,2,State of sky on the whole unchanged
2026-05-23,05:00:00,Melaka,Melaka,2.1889,102.2511,26.2,87,0.0,7.3,3,Clouds generally forming or developing
2026-05-23,05:00:00,Selangor,Shah Alam,3.0833,101.5333,27.2,86,0.0,4.1,1,Clouds generally dissolving or becoming less developed
2026-05-23,05:00:00,Kedah,Sungai Petani,5.65,100.48,25.4,95,0.0,3.2,2,State of sky on the whole unchanged
2026-05-23,05:00:00,Negeri Sembilan,Seremban,2.7297,101.9381,27.0,83,0.0,4.4,2,State of sky on the whole unchanged
2026-05-23,05:00:00,Kelantan,Kota Bharu,6.1333,102.25,26.9,88,0.0,6.2,3,Clouds generally forming or developing
2026-05-23,05:00:00,Johor,Kluang,2.0336,103.3194,24.9,96,0.0,2.3,1,Clouds generally dissolving or becoming less developed
2026-05-23,05:00:00,Sabah,Kota Kinabalu,5.975,116.0725,25.6,81,0.0,6.0,3,Clouds generally forming or developing
2026-05-23,05:00:00,Perak,Taiping,4.85,100.7333,26.2,74,0.0,5.0,2,State of sky on the whole unchanged
2026-05-23,05:00:00,Perlis,Kangar,6.4333,100.2,25.6,90,0.0,3.4,3,Clouds generally forming or developing
2026-05-23,05:00:00,Labuan,Labuan,5.2803,115.2475,28.0,78,0.0,13.9,3,Clouds generally forming or developing
2026-05-23,05:00:00,Sarawak,Bintulu,3.17,113.03,25.1,98,0.4,8.1,51,"Drizzle, not freezing, continuous 	slight at time of observation"
2026-05-23,05:00:00,Pulau Pinang,George Town,5.4145,100.3292,27.2,91,0.0,1.8,1,Clouds generally dissolving or becoming less developed
2026-05-23,05:00:00,Johor,Muar,2.05,102.56,26.8,86,0.0,7.6,2,State of sky on the whole unchanged
2026-05-23,05:00:00,Sarawak,Kuching,1.5397,110.3542,23.8,97,0.0,6.4,3,Clouds generally forming or developing
2026-05-23,04:00:00,Perak,Ipoh,4.6,101.07,26.9,73,0.0,6.3,2,State of sky on the whole unchanged
2026-05-23,04:00:00,Sarawak,Bintulu,3.17,113.03,25.3,97,0.1,7.7,51,"Drizzle, not freezing, continuous 	slight at time of observation"
2026-05-23,04:00:00,Negeri Sembilan,Seremban,2.7297,101.9381,27.5,81,0.0,1.9,2,State of sky on the whole unchanged
2026-05-23,04:00:00,Melaka,Melaka,2.1889,102.2511,26.4,85,0.0,7.8,2,State of sky on the whole unchanged
2026-05-23,04:00:00,Pahang,Raub,3.7931,101.8569,25.1,77,0.0,0.5,1,Clouds generally dissolving or becoming less developed
2026-05-23,04:00:00,Kelantan,Kota Bharu,6.1333,102.25,27.1,85,0.0,4.9,2,State of sky on the whole unchanged
2026-05-23,04:00:00,Johor,Johor Bahru,1.4556,103.7611,24.3,99,0.0,2.4,2,State of sky on the whole unchanged
2026-05-23,04:00:00,Johor,Batu Pahat,1.85,102.93,25.5,92,0.0,3.6,1,Clouds generally dissolving or becoming less developed
2026-05-23,04:00:00,Johor,Kluang,2.0336,103.3194,24.9,96,0.0,2.2,1,Clouds generally dissolving or becoming less developed
2026-05-23,04:00:00,Putrajaya,Putrajaya,2.93,101.69,26.7,91,0.0,4.0,1,Clouds generally dissolving or becoming less developed
2026-05-23,04:00:00,Sabah,Tawau,4.2448,117.8911,25.7,90,0.0,10.3,2,State of sky on the whole unchanged
2026-05-23,04:00:00,Pulau Pinang,Bukit Mertajam,5.3631,100.4667,26.9,86,0.0,3.7,3,Clouds generally forming or developing
2026-05-23,04:00:00,Perak,Teluk Intan,4.0259,101.0213,26.8,89,0.0,3.6,1,Clouds generally dissolving or becoming less developed
2026-05-23,04:00:00,Pulau Pinang,George Town,5.4145,100.3292,27.1,91,0.0,1.8,3,Clouds generally forming or developing
2026-05-23,04:00:00,Labuan,Labuan,5.2803,115.2475,27.9,80,0.0,11.8,3,Clouds generally forming or developing
2026-05-23,04:00:00,Sabah,Kota Kinabalu,5.975,116.0725,25.5,81,0.0,4.6,3,Clouds generally forming or developing
2026-05-23,04:00:00,Kedah,Sungai Petani,5.65,100.48,25.5,94,0.0,1.4,3,Clouds generally forming or developing
2026-05-23,04:00:00,Selangor,Petaling Jaya,3.1073,101.6067,27.1,87,0.0,3.2,1,Clouds generally dissolving or becoming less developed
2026-05-23,04:00:00,Selangor,Shah Alam,3.0833,101.5333,27.7,82,0.0,2.8,1,Clouds generally dissolving or becoming less developed
2026-05-23,04:00:00,Sarawak,Kuching,1.5397,110.3542,24.0,98,0.0,6.8,3,Clouds generally forming or developing
2026-05-23,04:00:00,Pahang,Kuantan,3.8167,103.3333,25.5,95,0.1,8.1,81,"Rain shower(s), moderate or heavy"
2026-05-23,04:00:00,Terengganu,Kuala Terengganu,5.3303,103.1408,25.8,96,0.0,2.9,3,Clouds generally forming or developing
2026-05-23,04:00:00,Selangor,Klang,3.0333,101.45,27.2,84,0.0,2.8,1,Clouds generally dissolving or becoming less developed
2026-05-23,04:00:00,Kuala Lumpur,Kuala Lumpur,3.1478,101.6953,26.4,89,0.0,3.8,1,Clouds generally dissolving or becoming less developed
2026-05-23,04:00:00,Sarawak,Sibu,2.3,111.8167,24.2,98,0.0,3.3,3,Clouds generally forming or developing
2026-05-23,04:00:00,Perak,Taiping,4.85,100.7333,26.5,73,0.0,4.1,3,Clouds generally forming or developing
2026-05-23,04:00:00,Perlis,Kangar,6.4333,100.2,25.7,90,0.0,4.0,3,Clouds generally forming or developing
2026-05-23,04:00:00,Kedah,Alor Setar,6.1167,100.3667,25.2,96,0.0,4.3,3,Clouds generally forming or developing
2026-05-23,04:00:00,Sarawak,Miri,4.4028,113.9933,25.1,91,0.0,9.8,3,Clouds generally forming or developing
2026-05-23,04:00:00,Pahang,Kuala Lipis,4.184,102.042,26.1,88,0.0,0.7,2,State of sky on the whole unchanged
2026-05-23,04:00:00,Pulau Pinang,Butterworth,5.3992,100.3639,27.0,86,0.0,3.7,3,Clouds generally forming or developing
2026-05-23,04:00:00,Johor,Muar,2.05,102.56,26.9,85,0.0,6.0,3,Clouds generally forming or developing
2026-05-23,04:00:00,Sabah,Lahad Datu,5.03,118.34,25.1,93,0.0,3.5,3,Clouds generally forming or developing
2026-05-23,03:00:00,Kuala Lumpur,Kuala Lumpur,3.1478,101.6953,26.6,91,0.0,4.6,1,Clouds generally dissolving or becoming less developed
2026-05-23,03:00:00,Sabah,Lahad Datu,5.03,118.34,25.2,94,0.0,3.2,3,Clouds generally forming or developing
2026-05-23,03:00:00,Perlis,Kangar,6.4333,100.2,25.9,89,0.0,4.3,3,Clouds generally forming or developing
2026-05-23,03:00:00,Kedah,Sungai Petani,5.65,100.48,25.7,93,0.0,1.5,3,Clouds generally forming or developing
2026-05-23,03:00:00,Putrajaya,Putrajaya,2.93,101.69,27.1,88,0.0,3.2,1,Clouds generally dissolving or becoming less developed
2026-05-23,03:00:00,Sarawak,Kuching,1.5397,110.3542,24.1,98,0.0,7.3,3,Clouds generally forming or developing
2026-05-23,03:00:00,Johor,Kluang,2.0336,103.3194,25.5,93,0.0,3.1,0,Cloud development not observed or not observable
2026-05-23,03:00:00,Kedah,Alor Setar,6.1167,100.3667,25.4,96,0.0,4.7,3,Clouds generally forming or developing
2026-05-23,03:00:00,Perak,Ipoh,4.6,101.07,27.2,72,0.0,3.8,2,State of sky on the whole unchanged
2026-05-23,03:00:00,Terengganu,Kuala Terengganu,5.3303,103.1408,26.0,95,0.0,2.8,3,Clouds generally forming or developing
2026-05-23,03:00:00,Selangor,Shah Alam,3.0833,101.5333,28.1,80,0.0,2.3,2,State of sky on the whole unchanged
2026-05-23,03:00:00,Selangor,Klang,3.0333,101.45,27.5,85,0.0,2.0,2,State of sky on the whole unchanged
2026-05-23,03:00:00,Sarawak,Sibu,2.3,111.8167,24.4,98,0.0,6.8,3,Clouds generally forming or developing
2026-05-23,03:00:00,Selangor,Petaling Jaya,3.1073,101.6067,27.6,85,0.0,2.9,1,Clouds generally dissolving or becoming less developed
2026-05-23,03:00:00,Sarawak,Miri,4.4028,113.9933,25.2,91,0.0,11.3,3,Clouds generally forming or developing
2026-05-23,03:00:00,Perak,Taiping,4.85,100.7333,26.5,75,0.0,4.2,3,Clouds generally forming or developing
2026-05-23,03:00:00,Kelantan,Kota Bharu,6.1333,102.25,27.2,85,0.0,6.3,2,State of sky on the whole unchanged
2026-05-23,03:00:00,Pulau Pinang,Butterworth,5.3992,100.3639,27.1,87,0.0,3.8,3,Clouds generally forming or developing
2026-05-23,03:00:00,Pahang,Kuala Lipis,4.184,102.042,26.8,84,0.0,0.4,3,Clouds generally forming or developing
2026-05-23,03:00:00,Pahang,Kuantan,3.8167,103.3333,26.1,93,0.3,3.1,51,"Drizzle, not freezing, continuous 	slight at time of observation"
2026-05-23,03:00:00,Labuan,Labuan,5.2803,115.2475,27.9,80,0.0,11.8,3,Clouds generally forming or developing
2026-05-23,03:00:00,Pulau Pinang,George Town,5.4145,100.3292,27.3,91,0.0,0.5,3,Clouds generally forming or developing
2026-05-23,03:00:00,Perak,Teluk Intan,4.0259,101.0213,27.4,84,0.0,0.4,1,Clouds generally dissolving or becoming less developed
2026-05-23,03:00:00,Johor,Batu Pahat,1.85,102.93,26.0,88,0.0,3.9,2,State of sky on the whole unchanged
2026-05-23,03:00:00,Negeri Sembilan,Seremban,2.7297,101.9381,27.5,84,0.0,2.7,1,Clouds generally dissolving or becoming less developed
2026-05-23,03:00:00,Melaka,Melaka,2.1889,102.2511,26.8,85,0.0,8.6,1,Clouds generally dissolving or becoming less developed
2026-05-23,03:00:00,Sabah,Tawau,4.2448,117.8911,25.7,92,0.0,9.3,2,State of sky on the whole unchanged
2026-05-23,03:00:00,Johor,Muar,2.05,102.56,27.0,83,0.0,7.5,2,State of sky on the whole unchanged
2026-05-23,03:00:00,Sabah,Kota Kinabalu,5.975,116.0725,25.5,82,0.0,4.8,3,Clouds generally forming or developing
2026-05-23,03:00:00,Johor,Johor Bahru,1.4556,103.7611,24.6,97,0.0,2.5,1,Clouds generally dissolving or becoming less developed
2026-05-23,03:00:00,Sarawak,Bintulu,3.17,113.03,25.7,96,0.1,6.1,51,"Drizzle, not freezing, continuous 	slight at time of observation"
2026-05-23,03:00:00,Pulau Pinang,Bukit Mertajam,5.3631,100.4667,27.0,87,0.0,3.8,3,Clouds generally forming or developing
2026-05-23,03:00:00,Pahang,Raub,3.7931,101.8569,25.5,76,0.0,0.5,2,State of sky on the whole unchanged
2026-05-23,02:00:00,Melaka,Melaka,2.1889,102.2511,27.2,87,0.1,6.1,51,"Drizzle, not freezing, continuous 	slight at time of observation"
2026-05-23,02:00:00,Sarawak,Miri,4.4028,113.9933,25.5,91,0.0,12.1,3,Clouds generally forming or developing
2026-05-23,02:00:00,Pulau Pinang,Bukit Mertajam,5.3631,100.4667,27.5,85,0.0,3.1,3,Clouds generally forming or developing
2026-05-23,02:00:00,Sabah,Lahad Datu,5.03,118.34,25.3,94,0.0,2.4,3,Clouds generally forming or developing
2026-05-23,02:00:00,Pulau Pinang,George Town,5.4145,100.3292,27.5,92,0.0,0.6,3,Clouds generally forming or developing
2026-05-23,02:00:00,Putrajaya,Putrajaya,2.93,101.69,27.9,86,0.0,2.9,2,State of sky on the whole unchanged
2026-05-23,02:00:00,Kedah,Alor Setar,6.1167,100.3667,25.7,94,0.0,4.1,3,Clouds generally forming or developing
2026-05-23,02:00:00,Selangor,Klang,3.0333,101.45,27.7,84,0.0,3.8,2,State of sky on the whole unchanged
2026-05-23,02:00:00,Johor,Kluang,2.0336,103.3194,26.0,90,0.0,3.5,3,Clouds generally forming or developing
2026-05-23,02:00:00,Perak,Teluk Intan,4.0259,101.0213,27.4,84,0.0,0.9,0,Cloud development not observed or not observable
2026-05-23,02:00:00,Pulau Pinang,Butterworth,5.3992,100.3639,27.5,85,0.0,3.1,3,Clouds generally forming or developing
2026-05-23,02:00:00,Kuala Lumpur,Kuala Lumpur,3.1478,101.6953,27.5,90,0.0,1.6,1,Clouds generally dissolving or becoming less developed
2026-05-23,02:00:00,Labuan,Labuan,5.2803,115.2475,27.8,83,0.0,10.4,3,Clouds generally forming or developing
2026-05-23,02:00:00,Pahang,Kuantan,3.8167,103.3333,26.2,92,0.0,5.6,3,Clouds generally forming or developing
2026-05-23,02:00:00,Perak,Ipoh,4.6,101.07,27.6,70,0.0,2.9,2,State of sky on the whole unchanged
2026-05-23,02:00:00,Johor,Muar,2.05,102.56,27.5,79,0.0,8.6,2,State of sky on the whole unchanged
2026-05-23,02:00:00,Johor,Batu Pahat,1.85,102.93,26.4,85,0.0,4.6,51,"Drizzle, not freezing, continuous 	slight at time of observation"
2026-05-23,02:00:00,Kedah,Sungai Petani,5.65,100.48,25.7,94,0.0,1.2,3,Clouds generally forming or developing
2026-05-23,02:00:00,Negeri Sembilan,Seremban,2.7297,101.9381,28.0,84,0.0,2.2,2,State of sky on the whole unchanged
2026-05-23,02:00:00,Pahang,Raub,3.7931,101.8569,26.0,75,0.0,1.5,2,State of sky on the whole unchanged
2026-05-23,02:00:00,Sarawak,Kuching,1.5397,110.3542,24.3,98,0.0,7.3,3,Clouds generally forming or developing
2026-05-23,02:00:00,Sabah,Kota Kinabalu,5.975,116.0725,25.6,83,0.0,5.4,3,Clouds generally forming or developing
2026-05-23,02:00:00,Terengganu,Kuala Terengganu,5.3303,103.1408,26.3,94,0.0,2.2,3,Clouds generally forming or developing
2026-05-23,02:00:00,Pahang,Kuala Lipis,4.184,102.042,27.1,83,0.0,0.9,3,Clouds generally forming or developing
2026-05-23,02:00:00,Kelantan,Kota Bharu,6.1333,102.25,27.4,89,0.0,7.3,1,Clouds generally dissolving or becoming less developed
2026-05-23,02:00:00,Selangor,Shah Alam,3.0833,101.5333,28.3,79,0.0,3.5,2,State of sky on the whole unchanged
2026-05-23,02:00:00,Sabah,Tawau,4.2448,117.8911,25.8,94,0.0,8.2,3,Clouds generally forming or developing
2026-05-23,02:00:00,Sarawak,Sibu,2.3,111.8167,24.8,98,0.0,6.7,3,Clouds generally forming or developing
2026-05-23,02:00:00,Sarawak,Bintulu,3.17,113.03,25.9,95,0.0,5.8,3,Clouds generally forming or developing
2026-05-23,02:00:00,Selangor,Petaling Jaya,3.1073,101.6067,28.4,82,0.0,1.0,2,State of sky on the whole unchanged
2026-05-23,02:00:00,Johor,Johor Bahru,1.4556,103.7611,25.2,96,0.0,2.5,3,Clouds generally forming or developing
2026-05-23,02:00:00,Perak,Taiping,4.85,100.7333,26.6,76,0.0,4.1,3,Clouds generally forming or developing
2026-05-23,02:00:00,Perlis,Kangar,6.4333,100.2,26.2,86,0.0,4.6,2,State of sky on the whole unchanged
2026-05-23,01:00:00,Perak,Teluk Intan,4.0259,101.0213,27.5,85,0.0,1.9,1,Clouds generally dissolving or becoming less developed
2026-05-23,01:00:00,Terengganu,Kuala Terengganu,5.3303,103.1408,26.4,94,0.0,3.1,0,Cloud development not observed or not observable
2026-05-23,01:00:00,Selangor,Klang,3.0333,101.45,27.7,85,0.0,4.2,3,Clouds generally forming or developing
2026-05-23,01:00:00,Perak,Taiping,4.85,100.7333,26.9,78,0.0,2.3,3,Clouds generally forming or developing
2026-05-23,01:00:00,Melaka,Melaka,2.1889,102.2511,27.2,86,0.0,4.1,3,Clouds generally forming or developing
2026-05-23,01:00:00,Kedah,Sungai Petani,5.65,100.48,26.0,94,0.0,4.6,3,Clouds generally forming or developing
2026-05-23,01:00:00,Pulau Pinang,George Town,5.4145,100.3292,28.1,88,0.0,1.1,3,Clouds generally forming or developing
2026-05-23,01:00:00,Selangor,Petaling Jaya,3.1073,101.6067,28.2,84,0.0,1.6,3,Clouds generally forming or developing
2026-05-23,01:00:00,Selangor,Shah Alam,3.0833,101.5333,28.4,82,0.0,3.5,3,Clouds generally forming or developing
2026-05-23,01:00:00,Sarawak,Bintulu,3.17,113.03,25.7,96,0.0,4.3,3,Clouds generally forming or developing
2026-05-23,01:00:00,Sarawak,Sibu,2.3,111.8167,25.0,99,0.0,5.9,3,Clouds generally forming or developing
2026-05-23,01:00:00,Pahang,Kuala Lipis,4.184,102.042,26.9,82,0.0,0.9,3,Clouds generally forming or developing
2026-05-23,01:00:00,Perak,Ipoh,4.6,101.07,28.1,68,0.0,2.1,3,Clouds generally forming or developing
2026-05-23,01:00:00,Perlis,Kangar,6.4333,100.2,26.5,81,0.0,5.5,1,Clouds generally dissolving or becoming less developed
2026-05-23,01:00:00,Sabah,Tawau,4.2448,117.8911,26.6,91,0.0,7.2,3,Clouds generally forming or developing
2026-05-23,01:00:00,Sarawak,Kuching,1.5397,110.3542,24.5,99,0.0,5.8,3,Clouds generally forming or developing
2026-05-23,01:00:00,Sabah,Kota Kinabalu,5.975,116.0725,25.7,81,0.0,4.5,3,Clouds generally forming or developing
2026-05-23,01:00:00,Labuan,Labuan,5.2803,115.2475,27.8,83,0.0,10.7,3,Clouds generally forming or developing
2026-05-23,01:00:00,Negeri Sembilan,Seremban,2.7297,101.9381,27.3,88,0.0,2.1,3,Clouds generally forming or developing
2026-05-23,01:00:00,Pulau Pinang,Butterworth,5.3992,100.3639,27.9,84,0.0,2.6,3,Clouds generally forming or developing
2026-05-23,01:00:00,Putrajaya,Putrajaya,2.93,101.69,27.8,86,0.0,2.5,3,Clouds generally forming or developing
2026-05-23,01:00:00,Kedah,Alor Setar,6.1167,100.3667,26.1,90,0.0,4.6,2,State of sky on the whole unchanged
2026-05-23,01:00:00,Johor,Kluang,2.0336,103.3194,26.3,90,0.0,3.8,3,Clouds generally forming or developing
2026-05-23,01:00:00,Kuala Lumpur,Kuala Lumpur,3.1478,101.6953,27.1,90,0.0,1.1,2,State of sky on the whole unchanged
2026-05-23,01:00:00,Pahang,Raub,3.7931,101.8569,25.8,75,0.0,3.1,2,State of sky on the whole unchanged
2026-05-23,01:00:00,Johor,Muar,2.05,102.56,27.9,79,0.0,6.7,3,Clouds generally forming or developing
2026-05-23,01:00:00,Sabah,Lahad Datu,5.03,118.34,25.7,94,0.0,1.5,2,State of sky on the whole unchanged
2026-05-23,01:00:00,Pahang,Kuantan,3.8167,103.3333,26.5,91,0.0,5.3,2,State of sky on the whole unchanged
2026-05-23,01:00:00,Johor,Johor Bahru,1.4556,103.7611,26.0,93,0.0,2.8,2,State of sky on the whole unchanged
2026-05-23,01:00:00,Sarawak,Miri,4.4028,113.9933,25.8,90,0.0,11.1,3,Clouds generally forming or developing
2026-05-23,01:00:00,Kelantan,Kota Bharu,6.1333,102.25,27.7,89,0.0,7.0,2,State of sky on the whole unchanged
2026-05-23,01:00:00,Pulau Pinang,Bukit Mertajam,5.3631,100.4667,27.9,84,0.0,2.6,3,Clouds generally forming or developing
2026-05-23,01:00:00,Johor,Batu Pahat,1.85,102.93,26.2,86,0.0,6.8,51,"Drizzle, not freezing, continuous 	slight at time of observation"
2026-05-23,00:00:00,Perak,Teluk Intan,4.0259,101.0213,27.5,85,0.0,2.3,3,Clouds generally forming or developing
2026-05-23,00:00:00,Putrajaya,Putrajaya,2.93,101.69,27.5,88,0.0,2.8,3,Clouds generally forming or developing
2026-05-23,00:00:00,Sarawak,Kuching,1.5397,110.3542,24.5,98,0.0,5.4,3,Clouds generally forming or developing
2026-05-23,00:00:00,Sarawak,Miri,4.4028,113.9933,25.9,91,0.0,10.0,3,Clouds generally forming or developing
2026-05-23,00:00:00,Pulau Pinang,Bukit Mertajam,5.3631,100.4667,27.6,85,0.0,3.2,3,Clouds generally forming or developing
2026-05-23,00:00:00,Sarawak,Sibu,2.3,111.8167,25.4,99,0.0,6.6,3,Clouds generally forming or developing
2026-05-23,00:00:00,Johor,Muar,2.05,102.56,28.1,81,0.0,3.4,3,Clouds generally forming or developing
2026-05-23,00:00:00,Sarawak,Bintulu,3.17,113.03,26.0,95,0.0,5.6,3,Clouds generally forming or developing
2026-05-23,00:00:00,Perak,Taiping,4.85,100.7333,26.8,80,0.0,2.3,3,Clouds generally forming or developing
2026-05-23,00:00:00,Johor,Kluang,2.0336,103.3194,26.4,90,0.0,4.1,3,Clouds generally forming or developing
2026-05-23,00:00:00,Johor,Batu Pahat,1.85,102.93,26.6,85,0.0,5.6,3,Clouds generally forming or developing
2026-05-23,00:00:00,Perlis,Kangar,6.4333,100.2,27.0,79,0.0,6.3,1,Clouds generally dissolving or becoming less developed
2026-05-23,00:00:00,Kedah,Sungai Petani,5.65,100.48,26.3,95,0.0,5.5,3,Clouds generally forming or developing
2026-05-23,00:00:00,Pulau Pinang,George Town,5.4145,100.3292,28.4,84,0.0,1.1,3,Clouds generally forming or developing
2026-05-23,00:00:00,Terengganu,Kuala Terengganu,5.3303,103.1408,26.7,95,0.0,4.8,2,State of sky on the whole unchanged
2026-05-23,00:00:00,Kedah,Alor Setar,6.1167,100.3667,26.8,85,0.0,4.5,2,State of sky on the whole unchanged
2026-05-23,00:00:00,Sabah,Lahad Datu,5.03,118.34,25.9,95,0.0,1.3,2,State of sky on the whole unchanged
2026-05-23,00:00:00,Sabah,Tawau,4.2448,117.8911,26.7,88,0.0,4.5,2,State of sky on the whole unchanged
2026-05-23,00:00:00,Kuala Lumpur,Kuala Lumpur,3.1478,101.6953,27.8,86,0.0,1.3,3,Clouds generally forming or developing
2026-05-23,00:00:00,Selangor,Klang,3.0333,101.45,27.6,86,0.0,4.0,3,Clouds generally forming or developing
2026-05-23,00:00:00,Perak,Ipoh,4.6,101.07,28.8,65,0.0,2.3,3,Clouds generally forming or developing
2026-05-23,00:00:00,Pulau Pinang,Butterworth,5.3992,100.3639,27.7,85,0.0,3.2,3,Clouds generally forming or developing
2026-05-23,00:00:00,Selangor,Petaling Jaya,3.1073,101.6067,28.5,82,0.0,2.4,3,Clouds generally forming or developing
2026-05-23,00:00:00,Negeri Sembilan,Seremban,2.7297,101.9381,27.2,90,0.0,2.7,3,Clouds generally forming or developing
2026-05-23,00:00:00,Selangor,Shah Alam,3.0833,101.5333,28.1,84,0.0,3.5,3,Clouds generally forming or developing
2026-05-23,00:00:00,Johor,Johor Bahru,1.4556,103.7611,26.2,92,0.0,3.3,3,Clouds generally forming or developing
2026-05-23,00:00:00,Kelantan,Kota Bharu,6.1333,102.25,28.3,85,0.0,5.8,3,Clouds generally forming or developing
2026-05-23,00:00:00,Melaka,Melaka,2.1889,102.2511,27.8,83,0.0,4.8,3,Clouds generally forming or developing
2026-05-23,00:00:00,Pahang,Raub,3.7931,101.8569,25.9,77,0.0,1.9,3,Clouds generally forming or developing
2026-05-23,00:00:00,Sabah,Kota Kinabalu,5.975,116.0725,25.7,82,0.0,4.8,3,Clouds generally forming or developing
2026-05-23,00:00:00,Pahang,Kuantan,3.8167,103.3333,26.9,91,0.0,6.1,1,Clouds generally dissolving or becoming less developed
2026-05-23,00:00:00,Labuan,Labuan,5.2803,115.2475,27.6,86,0.0,8.5,3,Clouds generally forming or developing
2026-05-23,00:00:00,Pahang,Kuala Lipis,4.184,102.042,27.0,82,0.0,1.5,3,Clouds generally forming or developing
2026-05-24,01:00:00,Pulau Pinang,Bukit Mertajam,5.3631,100.4667,25.2,93,0.4,5.4,51,"Drizzle, not freezing, continuous 	slight at time of observation"
2026-05-24,01:00:00,Sarawak,Kuching,1.5397,110.3542,24.9,97,0.0,4.6,2,State of sky on the whole unchanged
2026-05-24,01:00:00,Sabah,Kota Kinabalu,5.975,116.0725,26.3,80,0.0,3.9,1,Clouds generally dissolving or becoming less developed
2026-05-24,01:00:00,Selangor,Shah Alam,3.0833,101.5333,26.8,85,0.0,4.9,3,Clouds generally forming or developing
2026-05-24,01:00:00,Sabah,Tawau,4.2448,117.8911,25.6,95,0.2,7.3,51,"Drizzle, not freezing, continuous 	slight at time of observation"
2026-05-24,01:00:00,Pahang,Kuantan,3.8167,103.3333,25.3,98,0.0,4.7,3,Clouds generally forming or developing
2026-05-24,01:00:00,Pahang,Raub,3.7931,101.8569,24.4,99,0.3,2.7,51,"Drizzle, not freezing, continuous 	slight at time of observation"
2026-05-24,01:00:00,Pahang,Kuala Lipis,4.184,102.042,24.4,99,0.0,1.4,3,Clouds generally forming or developing
2026-05-24,01:00:00,Selangor,Petaling Jaya,3.1073,101.6067,26.9,87,0.0,2.0,3,Clouds generally forming or developing
2026-05-24,01:00:00,Pulau Pinang,Butterworth,5.3992,100.3639,25.3,93,0.4,5.4,51,"Drizzle, not freezing, continuous 	slight at time of observation"
2026-05-24,01:00:00,Sabah,Lahad Datu,5.03,118.34,24.5,96,0.0,9.8,2,State of sky on the whole unchanged
2026-05-24,01:00:00,Pulau Pinang,George Town,5.4145,100.3292,26.4,89,0.1,1.6,53,"Drizzle, not freezing, continuous 	moderate at time of observation"
2026-05-24,01:00:00,Kuala Lumpur,Kuala Lumpur,3.1478,101.6953,26.6,93,0.0,1.3,3,Clouds generally forming or developing
2026-05-24,01:00:00,Johor,Kluang,2.0336,103.3194,24.8,99,0.0,2.7,2,State of sky on the whole unchanged
2026-05-24,01:00:00,Selangor,Klang,3.0333,101.45,26.6,87,0.0,4.7,3,Clouds generally forming or developing
2026-05-24,01:00:00,Perak,Ipoh,4.6,101.07,25.9,97,0.0,6.8,3,Clouds generally forming or developing
2026-05-24,01:00:00,Terengganu,Cukai,4.2332,103.4479,25.8,96,0.0,6.0,2,State of sky on the whole unchanged
2026-05-24,01:00:00,Labuan,Labuan,5.2803,115.2475,26.0,94,0.2,6.7,51,"Drizzle, not freezing, continuous 	slight at time of observation"
2026-05-24,01:00:00,Perak,Taiping,4.85,100.7333,24.4,98,0.7,7.4,80,"Rain shower(s), slight"
2026-05-24,01:00:00,Sarawak,Miri,4.4028,113.9933,24.5,98,0.0,10.7,3,Clouds generally forming or developing
2026-05-24,01:00:00,Putrajaya,Putrajaya,2.93,101.69,26.3,95,0.0,3.3,3,Clouds generally forming or developing
2026-05-24,01:00:00,Negeri Sembilan,Seremban,2.7297,101.9381,25.4,96,0.0,2.5,3,Clouds generally forming or developing
2026-05-24,01:00:00,Melaka,Melaka,2.1889,102.2511,25.5,96,0.0,6.5,3,Clouds generally forming or developing
2026-05-24,01:00:00,Kedah,Alor Setar,6.1167,100.3667,25.8,98,0.0,1.9,3,Clouds generally forming or developing
2026-05-24,01:00:00,Perak,Teluk Intan,4.0259,101.0213,25.9,96,0.0,3.3,3,Clouds generally forming or developing
2026-05-24,01:00:00,Sabah,Sandakan,5.8388,118.1173,25.6,97,0.0,9.6,3,Clouds generally forming or developing
2026-05-24,01:00:00,Kelantan,Kota Bharu,6.1333,102.25,26.8,94,0.0,7.1,3,Clouds generally forming or developing
2026-05-24,01:00:00,Sarawak,Sibu,2.3,111.8167,25.5,96,0.0,2.8,3,Clouds generally forming or developing
2026-05-24,01:00:00,Johor,Muar,2.05,102.56,25.8,95,0.0,3.8,3,Clouds generally forming or developing
2026-05-24,01:00:00,Terengganu,Kuala Terengganu,5.3303,103.1408,26.4,91,0.0,9.4,3,Clouds generally forming or developing
2026-05-24,01:00:00,Johor,Johor Bahru,1.4556,103.7611,25.4,100,0.0,1.4,3,Clouds generally forming or developing
2026-05-24,01:00:00,Johor,Batu Pahat,1.85,102.93,25.5,97,0.0,4.0,3,Clouds generally forming or developing
2026-05-24,01:00:00,Sarawak,Bintulu,3.17,113.03,25.2,95,0.0,8.0,3,Clouds generally forming or developing
2026-05-24,00:00:00,Johor,Muar,2.05,102.56,26.1,93,0.0,2.9,2,State of sky on the whole unchanged
2026-05-24,00:00:00,Sarawak,Sibu,2.3,111.8167,25.6,96,0.0,3.1,3,Clouds generally forming or developing
2026-05-24,00:00:00,Pulau Pinang,Bukit Mertajam,5.3631,100.4667,24.8,91,0.3,13.8,53,"Drizzle, not freezing, continuous 	moderate at time of observation"
2026-05-24,00:00:00,Selangor,Shah Alam,3.0833,101.5333,26.9,85,0.0,4.4,3,Clouds generally forming or developing
2026-05-24,00:00:00,Kedah,Alor Setar,6.1167,100.3667,26.1,97,0.0,1.1,3,Clouds generally forming or developing
2026-05-24,00:00:00,Sabah,Sandakan,5.8388,118.1173,25.8,99,0.1,7.6,51,"Drizzle, not freezing, continuous 	slight at time of observation"
2026-05-24,00:00:00,Sarawak,Miri,4.4028,113.9933,24.9,97,0.0,10.0,2,State of sky on the whole unchanged
2026-05-24,00:00:00,Sarawak,Bintulu,3.17,113.03,25.3,94,0.0,6.9,3,Clouds generally forming or developing
2026-05-24,00:00:00,Pahang,Raub,3.7931,101.8569,24.5,99,0.4,4.0,53,"Drizzle, not freezing, continuous 	moderate at time of observation"
2026-05-24,00:00:00,Sabah,Kota Kinabalu,5.975,116.0725,26.1,83,0.0,5.5,2,State of sky on the whole unchanged
2026-05-24,00:00:00,Sabah,Lahad Datu,5.03,118.34,24.6,96,0.0,10.7,3,Clouds generally forming or developing
2026-05-24,00:00:00,Johor,Kluang,2.0336,103.3194,24.9,100,0.0,1.3,3,Clouds generally forming or developing
2026-05-24,00:00:00,Perak,Taiping,4.85,100.7333,24.8,98,0.3,6.1,51,"Drizzle, not freezing, continuous 	slight at time of observation"
2026-05-24,00:00:00,Putrajaya,Putrajaya,2.93,101.69,26.4,94,0.1,1.5,51,"Drizzle, not freezing, continuous 	slight at time of observation"
2026-05-24,00:00:00,Terengganu,Kuala Terengganu,5.3303,103.1408,26.4,94,0.0,8.7,3,Clouds generally forming or developing
2026-05-24,00:00:00,Pulau Pinang,George Town,5.4145,100.3292,28.0,81,0.0,1.5,3,Clouds generally forming or developing
2026-05-24,00:00:00,Pahang,Kuala Lipis,4.184,102.042,24.5,99,0.0,1.8,3,Clouds generally forming or developing
2026-05-24,00:00:00,Sabah,Tawau,4.2448,117.8911,26.2,97,0.2,5.9,53,"Drizzle, not freezing, continuous 	moderate at time of observation"
2026-05-24,00:00:00,Pahang,Kuantan,3.8167,103.3333,25.4,98,0.0,5.6,3,Clouds generally forming or developing
2026-05-24,00:00:00,Labuan,Labuan,5.2803,115.2475,25.9,95,0.6,8.2,80,"Rain shower(s), slight"
2026-05-24,00:00:00,Terengganu,Cukai,4.2332,103.4479,26.0,95,0.0,5.5,3,Clouds generally forming or developing
2026-05-24,00:00:00,Kelantan,Kota Bharu,6.1333,102.25,26.8,94,0.0,7.8,3,Clouds generally forming or developing
2026-05-24,00:00:00,Selangor,Petaling Jaya,3.1073,101.6067,27.0,85,0.0,2.3,3,Clouds generally forming or developing
2026-05-24,00:00:00,Melaka,Melaka,2.1889,102.2511,25.8,95,0.0,6.6,3,Clouds generally forming or developing
2026-05-24,00:00:00,Sarawak,Kuching,1.5397,110.3542,25.2,96,0.0,4.1,3,Clouds generally forming or developing
2026-05-24,00:00:00,Perak,Ipoh,4.6,101.07,26.1,95,0.0,4.5,3,Clouds generally forming or developing
2026-05-24,00:00:00,Pulau Pinang,Butterworth,5.3992,100.3639,24.9,91,0.3,13.8,53,"Drizzle, not freezing, continuous 	moderate at time of observation"
2026-05-24,00:00:00,Negeri Sembilan,Seremban,2.7297,101.9381,25.4,96,0.0,3.2,3,Clouds generally forming or developing
2026-05-24,00:00:00,Selangor,Klang,3.0333,101.45,26.8,89,0.0,5.2,3,Clouds generally forming or developing
2026-05-24,00:00:00,Perak,Teluk Intan,4.0259,101.0213,26.1,96,0.0,2.3,3,Clouds generally forming or developing
2026-05-24,00:00:00,Johor,Johor Bahru,1.4556,103.7611,25.4,100,0.0,0.9,3,Clouds generally forming or developing
2026-05-24,00:00:00,Kuala Lumpur,Kuala Lumpur,3.1478,101.6953,26.8,92,0.0,1.4,3,Clouds generally forming or developing
2026-05-24,00:00:00,Johor,Batu Pahat,1.85,102.93,25.8,96,0.0,1.5,3,Clouds generally forming or developing
2026-05-24,03:00:00,Terengganu,Kuala Terengganu,5.3303,103.1408,26.2,91,0.0,7.0,3,Clouds generally forming or developing
2026-05-24,03:00:00,Negeri Sembilan,Seremban,2.7297,101.9381,24.7,97,0.0,2.9,3,Clouds generally forming or developing
2026-05-24,03:00:00,Sarawak,Bintulu,3.17,113.03,25.9,91,0.0,10.6,3,Clouds generally forming or developing
2026-05-24,03:00:00,Kuala Lumpur,Kuala Lumpur,3.1478,101.6953,24.9,98,0.0,1.0,3,Clouds generally forming or developing
2026-05-24,03:00:00,Perak,Teluk Intan,4.0259,101.0213,24.7,92,0.0,10.1,3,Clouds generally forming or developing
2026-05-24,03:00:00,Perak,Taiping,4.85,100.7333,25.0,94,0.3,3.3,55,"Drizzle, not freezing, continuous heavy (dense) at time of observation"
2026-05-24,03:00:00,Pulau Pinang,Bukit Mertajam,5.3631,100.4667,26.9,86,0.2,4.7,51,"Drizzle, not freezing, continuous 	slight at time of observation"
2026-05-24,03:00:00,Perak,Ipoh,4.6,101.07,25.4,92,0.0,7.7,3,Clouds generally forming or developing
2026-05-24,03:00:00,Selangor,Petaling Jaya,3.1073,101.6067,25.2,88,0.0,0.7,3,Clouds generally forming or developing
2026-05-24,03:00:00,Sarawak,Kuching,1.5397,110.3542,25.2,94,0.0,7.0,3,Clouds generally forming or developing
2026-05-24,03:00:00,Pahang,Raub,3.7931,101.8569,23.7,94,0.0,3.2,3,Clouds generally forming or developing
2026-05-24,03:00:00,Sabah,Lahad Datu,5.03,118.34,25.4,94,0.0,8.0,3,Clouds generally forming or developing
2026-05-24,03:00:00,Pahang,Kuala Lipis,4.184,102.042,24.7,99,0.0,3.2,3,Clouds generally forming or developing
2026-05-24,03:00:00,Pahang,Kuantan,3.8167,103.3333,25.9,99,0.6,2.2,53,"Drizzle, not freezing, continuous 	moderate at time of observation"
2026-05-24,03:00:00,Labuan,Labuan,5.2803,115.2475,27.4,89,0.2,8.4,51,"Drizzle, not freezing, continuous 	slight at time of observation"
2026-05-24,03:00:00,Melaka,Melaka,2.1889,102.2511,25.1,93,0.0,7.2,3,Clouds generally forming or developing
2026-05-24,03:00:00,Perlis,Kangar,6.4333,100.2,27.1,85,0.0,7.9,3,Clouds generally forming or developing
2026-05-24,03:00:00,Sarawak,Sibu,2.3,111.8167,25.5,94,0.0,0.4,2,State of sky on the whole unchanged
2026-05-24,03:00:00,Kelantan,Kota Bharu,6.1333,102.25,25.5,97,0.0,8.5,3,Clouds generally forming or developing
2026-05-24,03:00:00,Pulau Pinang,Butterworth,5.3992,100.3639,27.0,86,0.2,4.7,51,"Drizzle, not freezing, continuous 	slight at time of observation"
2026-05-24,03:00:00,Selangor,Shah Alam,3.0833,101.5333,25.6,82,0.0,2.5,3,Clouds generally forming or developing
2026-05-24,03:00:00,Kedah,Alor Setar,6.1167,100.3667,27.5,83,0.0,6.0,3,Clouds generally forming or developing
2026-05-24,03:00:00,Johor,Muar,2.05,102.56,25.5,92,0.0,4.5,3,Clouds generally forming or developing
2026-05-24,03:00:00,Terengganu,Cukai,4.2332,103.4479,26.3,98,0.0,2.0,3,Clouds generally forming or developing
2026-05-24,03:00:00,Pulau Pinang,George Town,5.4145,100.3292,27.2,86,0.1,5.7,53,"Drizzle, not freezing, continuous 	moderate at time of observation"
2026-05-24,03:00:00,Kedah,Sungai Petani,5.65,100.48,26.0,93,0.8,3.8,80,"Rain shower(s), slight"
2026-05-24,03:00:00,Johor,Kluang,2.0336,103.3194,24.0,99,0.0,2.8,2,State of sky on the whole unchanged
2026-05-24,03:00:00,Sarawak,Miri,4.4028,113.9933,24.7,97,0.0,10.6,3,Clouds generally forming or developing
2026-05-24,03:00:00,Selangor,Klang,3.0333,101.45,25.4,84,0.0,4.5,3,Clouds generally forming or developing
2026-05-24,03:00:00,Johor,Johor Bahru,1.4556,103.7611,25.0,100,0.0,3.1,3,Clouds generally forming or developing
2026-05-24,03:00:00,Sabah,Kota Kinabalu,5.975,116.0725,26.2,79,0.0,5.1,3,Clouds generally forming or developing
2026-05-24,03:00:00,Sabah,Tawau,4.2448,117.8911,25.0,98,0.5,4.9,53,"Drizzle, not freezing, continuous 	moderate at time of observation"
2026-05-24,03:00:00,Johor,Batu Pahat,1.85,102.93,24.5,97,0.0,2.7,3,Clouds generally forming or developing
2026-05-24,02:00:00,Sabah,Kota Kinabalu,5.975,116.0725,25.9,82,0.0,6.0,3,Clouds generally forming or developing
2026-05-24,02:00:00,Negeri Sembilan,Seremban,2.7297,101.9381,24.9,97,0.0,3.5,3,Clouds generally forming or developing
2026-05-24,02:00:00,Selangor,Klang,3.0333,101.45,26.0,81,0.0,6.2,3,Clouds generally forming or developing
2026-05-24,02:00:00,Pahang,Kuantan,3.8167,103.3333,25.9,99,0.2,4.0,51,"Drizzle, not freezing, continuous 	slight at time of observation"
2026-05-24,02:00:00,Melaka,Melaka,2.1889,102.2511,25.4,91,0.0,8.2,3,Clouds generally forming or developing
2026-05-24,02:00:00,Kelantan,Kota Bharu,6.1333,102.25,25.8,96,0.0,7.5,3,Clouds generally forming or developing
2026-05-24,02:00:00,Johor,Johor Bahru,1.4556,103.7611,25.2,100,0.0,1.2,3,Clouds generally forming or developing
2026-05-24,02:00:00,Perak,Ipoh,4.6,101.07,26.0,88,0.0,5.8,2,State of sky on the whole unchanged
2026-05-24,02:00:00,Selangor,Shah Alam,3.0833,101.5333,26.2,77,0.0,5.6,3,Clouds generally forming or developing
2026-05-24,02:00:00,Pahang,Kuala Lipis,4.184,102.042,24.8,98,0.0,3.5,3,Clouds generally forming or developing
2026-05-24,02:00:00,Pulau Pinang,George Town,5.4145,100.3292,27.8,84,0.2,8.1,51,"Drizzle, not freezing, continuous 	slight at time of observation"
2026-05-24,02:00:00,Sabah,Tawau,4.2448,117.8911,24.7,99,0.4,10.5,80,"Rain shower(s), slight"
2026-05-24,02:00:00,Perak,Teluk Intan,4.0259,101.0213,25.1,89,0.0,12.1,3,Clouds generally forming or developing
2026-05-24,02:00:00,Pulau Pinang,Butterworth,5.3992,100.3639,28.4,80,0.0,4.2,3,Clouds generally forming or developing
2026-05-24,02:00:00,Terengganu,Kuala Terengganu,5.3303,103.1408,26.2,90,0.0,7.8,3,Clouds generally forming or developing
2026-05-24,02:00:00,Sarawak,Miri,4.4028,113.9933,24.8,97,0.0,10.2,3,Clouds generally forming or developing
2026-05-24,02:00:00,Sarawak,Sibu,2.3,111.8167,25.7,91,0.0,0.4,2,State of sky on the whole unchanged
2026-05-24,02:00:00,Perak,Taiping,4.85,100.7333,25.4,91,0.0,1.4,2,State of sky on the whole unchanged
2026-05-24,02:00:00,Pulau Pinang,Bukit Mertajam,5.3631,100.4667,28.3,80,0.0,4.2,3,Clouds generally forming or developing
2026-05-24,02:00:00,Sabah,Lahad Datu,5.03,118.34,25.5,94,0.0,6.9,3,Clouds generally forming or developing
2026-05-24,02:00:00,Terengganu,Cukai,4.2332,103.4479,26.4,97,0.0,1.9,3,Clouds generally forming or developing
2026-05-24,02:00:00,Perlis,Kangar,6.4333,100.2,27.5,84,0.0,9.9,3,Clouds generally forming or developing
2026-05-24,02:00:00,Johor,Muar,2.05,102.56,25.6,91,0.0,6.4,3,Clouds generally forming or developing
2026-05-24,02:00:00,Johor,Kluang,2.0336,103.3194,24.4,98,0.0,2.7,3,Clouds generally forming or developing
2026-05-24,02:00:00,Pahang,Raub,3.7931,101.8569,24.2,95,0.0,1.1,3,Clouds generally forming or developing
2026-05-24,02:00:00,Johor,Batu Pahat,1.85,102.93,24.8,95,0.0,4.4,3,Clouds generally forming or developing
2026-05-24,02:00:00,Kedah,Alor Setar,6.1167,100.3667,27.9,81,0.0,9.6,3,Clouds generally forming or developing
2026-05-24,02:00:00,Labuan,Labuan,5.2803,115.2475,27.6,86,0.1,5.9,55,"Drizzle, not freezing, continuous heavy (dense) at time of observation"
2026-05-24,02:00:00,Sarawak,Kuching,1.5397,110.3542,25.0,95,0.0,4.9,3,Clouds generally forming or developing
2026-05-24,02:00:00,Kuala Lumpur,Kuala Lumpur,3.1478,101.6953,25.4,95,0.0,0.7,3,Clouds generally forming or developing
2026-05-24,02:00:00,Sarawak,Bintulu,3.17,113.03,27.4,82,0.0,2.2,3,Clouds generally forming or developing
2026-05-24,02:00:00,Kedah,Sungai Petani,5.65,100.48,26.4,88,0.0,5.3,55,"Drizzle, not freezing, continuous heavy (dense) at time of observation"
2026-05-24,02:00:00,Selangor,Petaling Jaya,3.1073,101.6067,25.7,84,0.0,1.3,3,Clouds generally forming or developing
2026-05-24,01:00:00,Pahang,Kuala Lipis,4.184,102.042,25.0,98,0.0,3.5,2,State of sky on the whole unchanged
2026-05-24,01:00:00,Labuan,Labuan,5.2803,115.2475,28.0,83,0.0,6.7,3,Clouds generally forming or developing
2026-05-24,01:00:00,Pulau Pinang,Butterworth,5.3992,100.3639,28.9,76,0.0,5.2,3,Clouds generally forming or developing
2026-05-24,01:00:00,Pahang,Kuantan,3.8167,103.3333,25.9,98,0.0,5.1,51,"Drizzle, not freezing, continuous 	slight at time of observation"
2026-05-24,01:00:00,Perak,Teluk Intan,4.0259,101.0213,25.3,86,0.0,11.4,3,Clouds generally forming or developing
2026-05-24,01:00:00,Pulau Pinang,Bukit Mertajam,5.3631,100.4667,28.9,76,0.0,5.2,3,Clouds generally forming or developing
2026-05-24,01:00:00,Melaka,Melaka,2.1889,102.2511,25.6,89,0.0,10.0,3,Clouds generally forming or developing
2026-05-24,01:00:00,Sabah,Tawau,4.2448,117.8911,26.5,96,0.0,6.0,95,"Thunderstorm, slight or moderate, without hail** but with rain and/or snow at time of observation - Thunderstorm at time of observation"
2026-05-24,01:00:00,Sabah,Lahad Datu,5.03,118.34,25.7,95,0.0,6.9,3,Clouds generally forming or developing
2026-05-24,01:00:00,Johor,Batu Pahat,1.85,102.93,25.1,95,0.0,2.1,3,Clouds generally forming or developing
2026-05-24,01:00:00,Johor,Muar,2.05,102.56,25.9,90,0.0,6.3,3,Clouds generally forming or developing
2026-05-24,01:00:00,Perlis,Kangar,6.4333,100.2,27.4,84,0.0,9.9,3,Clouds generally forming or developing
2026-05-24,01:00:00,Kelantan,Kota Bharu,6.1333,102.25,26.0,98,0.0,7.5,3,Clouds generally forming or developing
2026-05-24,01:00:00,Sabah,Kota Kinabalu,5.975,116.0725,25.7,84,0.0,6.9,3,Clouds generally forming or developing
2026-05-24,01:00:00,Sarawak,Bintulu,3.17,113.03,28.1,79,0.0,4.4,3,Clouds generally forming or developing
2026-05-24,01:00:00,Perak,Ipoh,4.6,101.07,26.3,84,0.0,3.6,3,Clouds generally forming or developing
2026-05-24,01:00:00,Johor,Kluang,2.0336,103.3194,25.0,95,0.0,3.5,3,Clouds generally forming or developing
2026-05-24,01:00:00,Kedah,Sungai Petani,5.65,100.48,27.7,79,0.0,4.9,3,Clouds generally forming or developing
2026-05-24,01:00:00,Kedah,Alor Setar,6.1167,100.3667,28.0,79,0.0,9.4,3,Clouds generally forming or developing
2026-05-24,01:00:00,Johor,Johor Bahru,1.4556,103.7611,25.5,99,0.0,0.0,2,State of sky on the whole unchanged
2026-05-24,01:00:00,Sarawak,Kuching,1.5397,110.3542,25.2,95,0.0,3.9,3,Clouds generally forming or developing
2026-05-24,01:00:00,Selangor,Klang,3.0333,101.45,26.3,81,0.0,7.7,2,State of sky on the whole unchanged
2026-05-24,01:00:00,Terengganu,Kuala Terengganu,5.3303,103.1408,26.0,91,0.0,9.8,3,Clouds generally forming or developing
2026-05-24,01:00:00,Selangor,Petaling Jaya,3.1073,101.6067,26.2,80,0.0,2.9,2,State of sky on the whole unchanged
2026-05-24,01:00:00,Selangor,Shah Alam,3.0833,101.5333,26.6,76,0.0,7.2,2,State of sky on the whole unchanged
2026-05-24,01:00:00,Negeri Sembilan,Seremban,2.7297,101.9381,25.3,96,0.0,3.9,3,Clouds generally forming or developing
2026-05-24,01:00:00,Sarawak,Sibu,2.3,111.8167,25.8,90,0.0,1.0,3,Clouds generally forming or developing
2026-05-24,01:00:00,Perak,Taiping,4.85,100.7333,25.5,90,0.0,6.2,3,Clouds generally forming or developing
2026-05-24,01:00:00,Terengganu,Cukai,4.2332,103.4479,26.4,96,0.0,5.4,3,Clouds generally forming or developing
2026-05-24,01:00:00,Pahang,Raub,3.7931,101.8569,24.5,98,0.0,1.9,3,Clouds generally forming or developing
2026-05-24,01:00:00,Pulau Pinang,George Town,5.4145,100.3292,28.7,76,0.0,7.8,3,Clouds generally forming or developing
2026-05-24,01:00:00,Sarawak,Miri,4.4028,113.9933,24.9,97,0.0,10.9,3,Clouds generally forming or developing
2026-05-24,01:00:00,Kuala Lumpur,Kuala Lumpur,3.1478,101.6953,26.0,91,0.0,1.2,3,Clouds generally forming or developing
2026-05-24,00:00:00,Pahang,Kuala Lipis,4.184,102.042,25.2,98,0.0,2.5,2,State of sky on the whole unchanged
2026-05-24,00:00:00,Perak,Ipoh,4.6,101.07,26.5,82,0.0,2.7,3,Clouds generally forming or developing
2026-05-24,00:00:00,Johor,Batu Pahat,1.85,102.93,25.5,93,0.0,2.3,3,Clouds generally forming or developing
2026-05-24,00:00:00,Kedah,Sungai Petani,5.65,100.48,28.4,74,0.0,6.8,3,Clouds generally forming or developing
2026-05-24,00:00:00,Sabah,Tawau,4.2448,117.8911,26.6,95,0.0,3.7,95,"Thunderstorm, slight or moderate, without hail** but with rain and/or snow at time of observation - Thunderstorm at time of observation"
2026-05-24,00:00:00,Kelantan,Kota Bharu,6.1333,102.25,26.0,98,0.3,6.3,53,"Drizzle, not freezing, continuous 	moderate at time of observation"
2026-05-24,00:00:00,Sarawak,Miri,4.4028,113.9933,25.4,96,0.1,11.2,51,"Drizzle, not freezing, continuous 	slight at time of observation"
2026-05-24,00:00:00,Kuala Lumpur,Kuala Lumpur,3.1478,101.6953,26.4,89,0.0,1.5,3,Clouds generally forming or developing
2026-05-24,00:00:00,Pahang,Raub,3.7931,101.8569,24.8,98,0.0,2.6,3,Clouds generally forming or developing
2026-05-24,00:00:00,Sarawak,Bintulu,3.17,113.03,28.5,76,0.0,8.6,3,Clouds generally forming or developing
2026-05-24,00:00:00,Terengganu,Kuala Terengganu,5.3303,103.1408,26.1,92,0.0,10.8,3,Clouds generally forming or developing
2026-05-24,00:00:00,Selangor,Petaling Jaya,3.1073,101.6067,26.6,78,0.0,3.4,3,Clouds generally forming or developing
2026-05-24,00:00:00,Perak,Teluk Intan,4.0259,101.0213,25.2,87,0.0,9.9,3,Clouds generally forming or developing
2026-05-24,00:00:00,Kedah,Alor Setar,6.1167,100.3667,28.4,77,0.0,7.2,3,Clouds generally forming or developing
2026-05-24,00:00:00,Sarawak,Kuching,1.5397,110.3542,25.5,95,0.0,3.4,3,Clouds generally forming or developing
2026-05-24,00:00:00,Pulau Pinang,George Town,5.4145,100.3292,29.2,72,0.0,9.7,3,Clouds generally forming or developing
2026-05-24,00:00:00,Johor,Kluang,2.0336,103.3194,25.1,93,0.0,1.9,3,Clouds generally forming or developing
2026-05-24,00:00:00,Terengganu,Cukai,4.2332,103.4479,26.4,96,0.0,5.0,3,Clouds generally forming or developing
2026-05-24,00:00:00,Perlis,Kangar,6.4333,100.2,27.5,83,0.0,6.7,3,Clouds generally forming or developing
2026-05-24,00:00:00,Sarawak,Sibu,2.3,111.8167,25.9,90,0.0,3.8,3,Clouds generally forming or developing
2026-05-24,00:00:00,Labuan,Labuan,5.2803,115.2475,28.1,82,0.0,7.8,2,State of sky on the whole unchanged
2026-05-24,00:00:00,Negeri Sembilan,Seremban,2.7297,101.9381,25.8,93,0.0,4.5,3,Clouds generally forming or developing
2026-05-24,00:00:00,Pahang,Kuantan,3.8167,103.3333,26.0,97,0.0,5.1,3,Clouds generally forming or developing
2026-05-24,00:00:00,Sabah,Kota Kinabalu,5.975,116.0725,25.7,87,0.0,4.8,3,Clouds generally forming or developing
2026-05-24,00:00:00,Johor,Muar,2.05,102.56,26.0,92,0.0,5.3,3,Clouds generally forming or developing
2026-05-24,00:00:00,Perak,Taiping,4.85,100.7333,26.2,88,0.0,6.3,3,Clouds generally forming or developing
2026-05-24,00:00:00,Sabah,Lahad Datu,5.03,118.34,25.8,95,0.0,7.9,3,Clouds generally forming or developing
2026-05-24,00:00:00,Selangor,Klang,3.0333,101.45,26.5,81,0.0,6.9,3,Clouds generally forming or developing
2026-05-24,00:00:00,Pulau Pinang,Butterworth,5.3992,100.3639,29.4,74,0.0,4.3,3,Clouds generally forming or developing
2026-05-24,00:00:00,Selangor,Shah Alam,3.0833,101.5333,26.9,76,0.0,6.3,3,Clouds generally forming or developing
2026-05-24,00:00:00,Pulau Pinang,Bukit Mertajam,5.3631,100.4667,29.3,74,0.0,4.3,3,Clouds generally forming or developing
2026-05-24,00:00:00,Melaka,Melaka,2.1889,102.2511,25.9,87,0.0,11.9,3,Clouds generally forming or developing
2026-05-24,00:00:00,Johor,Johor Bahru,1.4556,103.7611,25.8,99,0.0,7.3,2,State of sky on the whole unchanged
2026-05-24,05:00:00,Kelantan,Kota Bharu,6.1333,102.25,25.2,97,0.0,7.0,3,Clouds generally forming or developing
2026-05-24,05:00:00,Selangor,Shah Alam,3.0833,101.5333,25.0,84,0.0,4.1,3,Clouds generally forming or developing
2026-05-24,05:00:00,Melaka,Melaka,2.1889,102.2511,24.9,94,0.0,6.6,3,Clouds generally forming or developing
2026-05-24,05:00:00,Sabah,Kota Kinabalu,5.975,116.0725,26.4,78,0.0,5.1,3,Clouds generally forming or developing
2026-05-24,05:00:00,Johor,Johor Bahru,1.4556,103.7611,24.8,100,0.0,2.7,3,Clouds generally forming or developing
2026-05-24,05:00:00,Labuan,Labuan,5.2803,115.2475,26.8,89,0.0,6.5,53,"Drizzle, not freezing, continuous 	moderate at time of observation"
2026-05-24,05:00:00,Kedah,Alor Setar,6.1167,100.3667,25.7,94,0.5,2.8,53,"Drizzle, not freezing, continuous 	moderate at time of observation"
2026-05-24,05:00:00,Pahang,Raub,3.7931,101.8569,23.4,96,0.0,1.5,3,Clouds generally forming or developing
2026-05-24,05:00:00,Sabah,Sandakan,5.8388,118.1173,25.8,96,0.0,7.8,3,Clouds generally forming or developing
2026-05-24,05:00:00,Kuala Lumpur,Kuala Lumpur,3.1478,101.6953,24.3,99,0.0,2.7,3,Clouds generally forming or developing
2026-05-24,05:00:00,Kedah,Sungai Petani,5.65,100.48,24.5,100,0.7,1.9,81,"Rain shower(s), moderate or heavy"
2026-05-24,05:00:00,Negeri Sembilan,Seremban,2.7297,101.9381,24.6,94,0.0,1.8,3,Clouds generally forming or developing
2026-05-24,05:00:00,Perlis,Kangar,6.4333,100.2,25.2,95,0.7,5.7,53,"Drizzle, not freezing, continuous 	moderate at time of observation"
2026-05-24,05:00:00,Pahang,Kuala Lipis,4.184,102.042,24.5,99,0.0,2.2,3,Clouds generally forming or developing
2026-05-24,05:00:00,Selangor,Klang,3.0333,101.45,24.8,84,0.0,5.6,3,Clouds generally forming or developing
2026-05-24,05:00:00,Sarawak,Miri,4.4028,113.9933,24.5,95,0.0,8.4,3,Clouds generally forming or developing
2026-05-24,05:00:00,Pulau Pinang,Bukit Mertajam,5.3631,100.4667,25.4,95,1.1,2.4,80,"Rain shower(s), slight"
2026-05-24,05:00:00,Johor,Muar,2.05,102.56,25.1,95,0.0,4.4,3,Clouds generally forming or developing
2026-05-24,05:00:00,Pulau Pinang,George Town,5.4145,100.3292,25.0,98,1.7,0.8,81,"Rain shower(s), moderate or heavy"
2026-05-24,05:00:00,Terengganu,Cukai,4.2332,103.4479,26.3,100,1.3,2.9,95,"Thunderstorm, slight or moderate, without hail** but with rain and/or snow at time of observation - Thunderstorm at time of observation"
2026-05-24,05:00:00,Johor,Kluang,2.0336,103.3194,23.6,100,0.0,2.1,3,Clouds generally forming or developing
2026-05-24,05:00:00,Selangor,Petaling Jaya,3.1073,101.6067,24.7,92,0.0,1.5,3,Clouds generally forming or developing
2026-05-24,05:00:00,Perak,Ipoh,4.6,101.07,25.0,94,0.0,9.1,3,Clouds generally forming or developing
2026-05-24,05:00:00,Perak,Taiping,4.85,100.7333,24.3,97,0.1,7.0,51,"Drizzle, not freezing, continuous 	slight at time of observation"
2026-05-24,05:00:00,Pulau Pinang,Butterworth,5.3992,100.3639,25.5,95,1.1,2.4,80,"Rain shower(s), slight"
2026-05-24,05:00:00,Putrajaya,Putrajaya,2.93,101.69,25.0,96,0.0,4.6,3,Clouds generally forming or developing
2026-05-24,05:00:00,Sabah,Lahad Datu,5.03,118.34,25.5,93,0.0,2.8,3,Clouds generally forming or developing
2026-05-24,05:00:00,Johor,Batu Pahat,1.85,102.93,24.2,100,0.0,5.8,3,Clouds generally forming or developing
2026-05-24,05:00:00,Sarawak,Bintulu,3.17,113.03,25.0,92,0.0,7.6,3,Clouds generally forming or developing
2026-05-24,05:00:00,Sarawak,Sibu,2.3,111.8167,25.2,99,0.0,2.6,3,Clouds generally forming or developing
2026-05-24,05:00:00,Sabah,Tawau,4.2448,117.8911,25.3,97,0.0,6.3,3,Clouds generally forming or developing
2026-05-24,05:00:00,Perak,Teluk Intan,4.0259,101.0213,24.8,92,0.0,11.4,3,Clouds generally forming or developing
2026-05-24,05:00:00,Pahang,Kuantan,3.8167,103.3333,25.8,99,0.0,2.7,3,Clouds generally forming or developing
2026-05-24,05:00:00,Terengganu,Kuala Terengganu,5.3303,103.1408,25.9,95,0.0,4.1,3,Clouds generally forming or developing
2026-05-24,04:00:00,Kedah,Sungai Petani,5.65,100.48,25.8,95,0.3,4.8,51,"Drizzle, not freezing, continuous 	slight at time of observation"
2026-05-24,04:00:00,Johor,Muar,2.05,102.56,25.4,93,0.0,3.8,3,Clouds generally forming or developing
2026-05-24,04:00:00,Perak,Teluk Intan,4.0259,101.0213,24.9,92,0.0,10.2,3,Clouds generally forming or developing
2026-05-24,04:00:00,Putrajaya,Putrajaya,2.93,101.69,25.4,93,0.0,3.5,3,Clouds generally forming or developing
2026-05-24,04:00:00,Pulau Pinang,Butterworth,5.3992,100.3639,25.2,96,0.0,8.8,81,"Rain shower(s), moderate or heavy"
2026-05-24,04:00:00,Melaka,Melaka,2.1889,102.2511,25.0,93,0.0,7.3,2,State of sky on the whole unchanged
2026-05-24,04:00:00,Pahang,Kuala Lipis,4.184,102.042,24.8,97,0.0,1.2,3,Clouds generally forming or developing
2026-05-24,04:00:00,Terengganu,Cukai,4.2332,103.4479,26.3,99,0.1,3.4,95,"Thunderstorm, slight or moderate, without hail** but with rain and/or snow at time of observation - Thunderstorm at time of observation"
2026-05-24,04:00:00,Perak,Ipoh,4.6,101.07,25.1,92,0.0,7.5,3,Clouds generally forming or developing
2026-05-24,04:00:00,Kelantan,Kota Bharu,6.1333,102.25,25.3,97,0.0,8.6,3,Clouds generally forming or developing
2026-05-24,04:00:00,Kedah,Alor Setar,6.1167,100.3667,25.8,91,0.3,11.2,80,"Rain shower(s), slight"
2026-05-24,04:00:00,Johor,Johor Bahru,1.4556,103.7611,24.9,100,0.0,3.2,3,Clouds generally forming or developing
2026-05-24,04:00:00,Perak,Taiping,4.85,100.7333,24.8,96,0.3,8.6,51,"Drizzle, not freezing, continuous 	slight at time of observation"
2026-05-24,04:00:00,Selangor,Shah Alam,3.0833,101.5333,25.4,82,0.0,4.2,3,Clouds generally forming or developing
2026-05-24,04:00:00,Kuala Lumpur,Kuala Lumpur,3.1478,101.6953,24.5,100,0.0,3.6,3,Clouds generally forming or developing
2026-05-24,04:00:00,Sabah,Sandakan,5.8388,118.1173,25.8,97,0.0,8.0,2,State of sky on the whole unchanged
2026-05-24,04:00:00,Sarawak,Miri,4.4028,113.9933,24.6,96,0.0,8.9,3,Clouds generally forming or developing
2026-05-24,04:00:00,Sarawak,Bintulu,3.17,113.03,24.8,94,0.0,9.8,2,State of sky on the whole unchanged
2026-05-24,04:00:00,Terengganu,Kuala Terengganu,5.3303,103.1408,26.1,93,0.0,5.5,3,Clouds generally forming or developing
2026-05-24,04:00:00,Labuan,Labuan,5.2803,115.2475,27.4,87,0.1,9.3,51,"Drizzle, not freezing, continuous 	slight at time of observation"
2026-05-24,04:00:00,Pulau Pinang,Bukit Mertajam,5.3631,100.4667,25.1,96,0.0,8.8,81,"Rain shower(s), moderate or heavy"
2026-05-24,04:00:00,Sarawak,Sibu,2.3,111.8167,25.3,97,0.0,0.9,3,Clouds generally forming or developing
2026-05-24,04:00:00,Johor,Kluang,2.0336,103.3194,23.8,99,0.0,2.4,2,State of sky on the whole unchanged
2026-05-24,04:00:00,Perlis,Kangar,6.4333,100.2,25.2,92,0.3,12.0,55,"Drizzle, not freezing, continuous heavy (dense) at time of observation"
2026-05-24,04:00:00,Sabah,Tawau,4.2448,117.8911,25.2,98,0.1,8.5,51,"Drizzle, not freezing, continuous 	slight at time of observation"
2026-05-24,04:00:00,Johor,Batu Pahat,1.85,102.93,24.2,99,0.0,6.0,2,State of sky on the whole unchanged
2026-05-24,04:00:00,Pahang,Kuantan,3.8167,103.3333,25.9,99,0.3,3.0,51,"Drizzle, not freezing, continuous 	slight at time of observation"
2026-05-24,04:00:00,Negeri Sembilan,Seremban,2.7297,101.9381,24.8,95,0.0,3.1,3,Clouds generally forming or developing
2026-05-24,04:00:00,Selangor,Klang,3.0333,101.45,25.1,84,0.0,5.6,2,State of sky on the whole unchanged
2026-05-24,04:00:00,Selangor,Petaling Jaya,3.1073,101.6067,24.8,91,0.0,2.1,3,Clouds generally forming or developing
2026-05-24,04:00:00,Pahang,Raub,3.7931,101.8569,23.7,96,0.0,2.8,3,Clouds generally forming or developing
2026-05-24,04:00:00,Pulau Pinang,George Town,5.4145,100.3292,25.1,98,0.1,6.3,81,"Rain shower(s), moderate or heavy"
2026-05-24,04:00:00,Sabah,Lahad Datu,5.03,118.34,25.4,94,0.0,3.2,3,Clouds generally forming or developing
2026-05-24,04:00:00,Sabah,Kota Kinabalu,5.975,116.0725,26.5,77,0.0,6.5,3,Clouds generally forming or developing
2026-05-24,03:00:00,Johor,Johor Bahru,1.4556,103.7611,25.0,100,0.0,3.1,3,Clouds generally forming or developing
2026-05-24,03:00:00,Selangor,Shah Alam,3.0833,101.5333,25.6,82,0.0,2.5,3,Clouds generally forming or developing
2026-05-24,03:00:00,Sabah,Tawau,4.2448,117.8911,25.0,98,0.5,4.9,53,"Drizzle, not freezing, continuous 	moderate at time of observation"
2026-05-24,03:00:00,Perak,Ipoh,4.6,101.07,25.4,92,0.0,7.7,3,Clouds generally forming or developing
2026-05-24,03:00:00,Pulau Pinang,Butterworth,5.3992,100.3639,27.0,86,0.2,4.7,51,"Drizzle, not freezing, continuous 	slight at time of observation"
2026-05-24,03:00:00,Pahang,Kuala Lipis,4.184,102.042,24.7,99,0.0,3.2,3,Clouds generally forming or developing
2026-05-24,03:00:00,Selangor,Petaling Jaya,3.1073,101.6067,25.2,88,0.0,0.7,3,Clouds generally forming or developing
2026-05-24,03:00:00,Kedah,Sungai Petani,5.65,100.48,26.0,93,0.8,3.8,80,"Rain shower(s), slight"
2026-05-24,03:00:00,Perak,Taiping,4.85,100.7333,25.0,94,0.3,3.3,55,"Drizzle, not freezing, continuous heavy (dense) at time of observation"
2026-05-24,03:00:00,Negeri Sembilan,Seremban,2.7297,101.9381,24.7,97,0.0,2.9,3,Clouds generally forming or developing
2026-05-24,03:00:00,Perlis,Kangar,6.4333,100.2,27.1,85,0.0,7.9,3,Clouds generally forming or developing
2026-05-24,03:00:00,Pulau Pinang,George Town,5.4145,100.3292,27.2,86,0.1,5.7,53,"Drizzle, not freezing, continuous 	moderate at time of observation"
2026-05-24,03:00:00,Kelantan,Kota Bharu,6.1333,102.25,25.5,97,0.0,8.5,3,Clouds generally forming or developing
2026-05-24,03:00:00,Sarawak,Miri,4.4028,113.9933,24.7,97,0.0,10.6,3,Clouds generally forming or developing
2026-05-24,03:00:00,Sabah,Lahad Datu,5.03,118.34,25.4,94,0.0,8.0,3,Clouds generally forming or developing
2026-05-24,03:00:00,Johor,Kluang,2.0336,103.3194,24.0,99,0.0,2.8,2,State of sky on the whole unchanged
2026-05-24,03:00:00,Terengganu,Cukai,4.2332,103.4479,26.3,98,0.0,2.0,3,Clouds generally forming or developing
2026-05-24,03:00:00,Selangor,Klang,3.0333,101.45,25.4,84,0.0,4.5,3,Clouds generally forming or developing
2026-05-24,03:00:00,Terengganu,Kuala Terengganu,5.3303,103.1408,26.2,91,0.0,7.0,3,Clouds generally forming or developing
2026-05-24,03:00:00,Johor,Muar,2.05,102.56,25.5,92,0.0,4.5,3,Clouds generally forming or developing
2026-05-24,03:00:00,Pulau Pinang,Bukit Mertajam,5.3631,100.4667,26.9,86,0.2,4.7,51,"Drizzle, not freezing, continuous 	slight at time of observation"
2026-05-24,03:00:00,Labuan,Labuan,5.2803,115.2475,27.4,89,0.2,8.4,51,"Drizzle, not freezing, continuous 	slight at time of observation"
2026-05-24,03:00:00,Putrajaya,Putrajaya,2.93,101.69,25.6,92,0.0,2.8,3,Clouds generally forming or developing
2026-05-24,03:00:00,Kedah,Alor Setar,6.1167,100.3667,27.5,83,0.0,6.0,3,Clouds generally forming or developing
2026-05-24,03:00:00,Pahang,Raub,3.7931,101.8569,23.7,94,0.0,3.2,3,Clouds generally forming or developing
2026-05-24,03:00:00,Pahang,Kuantan,3.8167,103.3333,25.9,99,0.6,2.2,53,"Drizzle, not freezing, continuous 	moderate at time of observation"
2026-05-24,03:00:00,Sabah,Sandakan,5.8388,118.1173,26.0,98,0.3,4.5,51,"Drizzle, not freezing, continuous 	slight at time of observation"
2026-05-24,03:00:00,Kuala Lumpur,Kuala Lumpur,3.1478,101.6953,24.9,98,0.0,1.0,3,Clouds generally forming or developing
2026-05-24,03:00:00,Perak,Teluk Intan,4.0259,101.0213,24.7,92,0.0,10.1,3,Clouds generally forming or developing
2026-05-24,03:00:00,Sarawak,Bintulu,3.17,113.03,25.9,91,0.0,10.6,3,Clouds generally forming or developing
2026-05-24,03:00:00,Melaka,Melaka,2.1889,102.2511,25.1,93,0.0,7.2,3,Clouds generally forming or developing
2026-05-24,03:00:00,Sarawak,Sibu,2.3,111.8167,25.5,94,0.0,0.4,2,State of sky on the whole unchanged
2026-05-24,03:00:00,Johor,Batu Pahat,1.85,102.93,24.5,97,0.0,2.7,3,Clouds generally forming or developing
2026-05-24,03:00:00,Sabah,Kota Kinabalu,5.975,116.0725,26.2,79,0.0,5.1,3,Clouds generally forming or developing
2026-05-24,02:00:00,Selangor,Klang,3.0333,101.45,26.0,81,0.0,6.2,3,Clouds generally forming or developing
2026-05-24,02:00:00,Pulau Pinang,Butterworth,5.3992,100.3639,28.4,80,0.0,4.2,3,Clouds generally forming or developing
2026-05-24,02:00:00,Pulau Pinang,George Town,5.4145,100.3292,27.8,84,0.2,8.1,51,"Drizzle, not freezing, continuous 	slight at time of observation"
2026-05-24,02:00:00,Sabah,Tawau,4.2448,117.8911,24.7,99,0.4,10.5,80,"Rain shower(s), slight"
2026-05-24,02:00:00,Johor,Batu Pahat,1.85,102.93,24.8,95,0.0,4.4,3,Clouds generally forming or developing
2026-05-24,02:00:00,Johor,Muar,2.05,102.56,25.6,91,0.0,6.4,3,Clouds generally forming or developing
2026-05-24,02:00:00,Sabah,Lahad Datu,5.03,118.34,25.5,94,0.0,6.9,3,Clouds generally forming or developing
2026-05-24,02:00:00,Johor,Kluang,2.0336,103.3194,24.4,98,0.0,2.7,3,Clouds generally forming or developing
2026-05-24,02:00:00,Sarawak,Sibu,2.3,111.8167,25.7,91,0.0,0.4,2,State of sky on the whole unchanged
2026-05-24,02:00:00,Perak,Ipoh,4.6,101.07,26.0,88,0.0,5.8,2,State of sky on the whole unchanged
2026-05-24,02:00:00,Pulau Pinang,Bukit Mertajam,5.3631,100.4667,28.3,80,0.0,4.2,3,Clouds generally forming or developing
2026-05-24,02:00:00,Selangor,Petaling Jaya,3.1073,101.6067,25.7,84,0.0,1.3,3,Clouds generally forming or developing
2026-05-24,02:00:00,Sarawak,Bintulu,3.17,113.03,27.4,82,0.0,2.2,3,Clouds generally forming or developing
2026-05-24,02:00:00,Kelantan,Kota Bharu,6.1333,102.25,25.8,96,0.0,7.5,3,Clouds generally forming or developing
2026-05-24,02:00:00,Kedah,Alor Setar,6.1167,100.3667,27.9,81,0.0,9.6,3,Clouds generally forming or developing
2026-05-24,02:00:00,Selangor,Shah Alam,3.0833,101.5333,26.2,77,0.0,5.6,3,Clouds generally forming or developing
2026-05-24,02:00:00,Pahang,Kuala Lipis,4.184,102.042,24.8,98,0.0,3.5,3,Clouds generally forming or developing
2026-05-24,02:00:00,Kuala Lumpur,Kuala Lumpur,3.1478,101.6953,25.4,95,0.0,0.7,3,Clouds generally forming or developing
2026-05-24,02:00:00,Melaka,Melaka,2.1889,102.2511,25.4,91,0.0,8.2,3,Clouds generally forming or developing
2026-05-24,02:00:00,Johor,Johor Bahru,1.4556,103.7611,25.2,100,0.0,1.2,3,Clouds generally forming or developing
2026-05-24,02:00:00,Sabah,Sandakan,5.8388,118.1173,26.2,97,0.9,3.9,53,"Drizzle, not freezing, continuous 	moderate at time of observation"
2026-05-24,02:00:00,Sabah,Kota Kinabalu,5.975,116.0725,25.9,82,0.0,6.0,3,Clouds generally forming or developing
2026-05-24,02:00:00,Negeri Sembilan,Seremban,2.7297,101.9381,24.9,97,0.0,3.5,3,Clouds generally forming or developing
2026-05-24,02:00:00,Perak,Taiping,4.85,100.7333,25.4,91,0.0,1.4,2,State of sky on the whole unchanged
2026-05-24,02:00:00,Perak,Teluk Intan,4.0259,101.0213,25.1,89,0.0,12.1,3,Clouds generally forming or developing
2026-05-24,02:00:00,Pahang,Raub,3.7931,101.8569,24.2,95,0.0,1.1,3,Clouds generally forming or developing
2026-05-24,02:00:00,Perlis,Kangar,6.4333,100.2,27.5,84,0.0,9.9,3,Clouds generally forming or developing
2026-05-24,02:00:00,Kedah,Sungai Petani,5.65,100.48,26.4,88,0.0,5.3,55,"Drizzle, not freezing, continuous heavy (dense) at time of observation"
2026-05-24,02:00:00,Putrajaya,Putrajaya,2.93,101.69,26.0,88,0.0,3.1,2,State of sky on the whole unchanged
2026-05-24,02:00:00,Terengganu,Kuala Terengganu,5.3303,103.1408,26.2,90,0.0,7.8,3,Clouds generally forming or developing
2026-05-24,02:00:00,Pahang,Kuantan,3.8167,103.3333,25.9,99,0.2,4.0,51,"Drizzle, not freezing, continuous 	slight at time of observation"
2026-05-24,02:00:00,Sarawak,Miri,4.4028,113.9933,24.8,97,0.0,10.2,3,Clouds generally forming or developing
2026-05-24,02:00:00,Labuan,Labuan,5.2803,115.2475,27.6,86,0.1,5.9,55,"Drizzle, not freezing, continuous heavy (dense) at time of observation"
2026-05-24,02:00:00,Terengganu,Cukai,4.2332,103.4479,26.4,97,0.0,1.9,3,Clouds generally forming or developing
2026-05-24,01:00:00,Kuala Lumpur,Kuala Lumpur,3.1478,101.6953,26.0,91,0.0,1.2,3,Clouds generally forming or developing
2026-05-24,01:00:00,Sabah,Sandakan,5.8388,118.1173,26.0,97,0.7,6.9,81,"Rain shower(s), moderate or heavy"
2026-05-24,01:00:00,Pahang,Kuala Lipis,4.184,102.042,25.0,98,0.0,3.5,2,State of sky on the whole unchanged
2026-05-24,01:00:00,Johor,Johor Bahru,1.4556,103.7611,25.5,99,0.0,0.0,2,State of sky on the whole unchanged
2026-05-24,01:00:00,Selangor,Klang,3.0333,101.45,26.3,81,0.0,7.7,2,State of sky on the whole unchanged
2026-05-24,01:00:00,Sabah,Tawau,4.2448,117.8911,26.5,96,0.0,6.0,95,"Thunderstorm, slight or moderate, without hail** but with rain and/or snow at time of observation - Thunderstorm at time of observation"
2026-05-24,01:00:00,Selangor,Shah Alam,3.0833,101.5333,26.6,76,0.0,7.2,2,State of sky on the whole unchanged
2026-05-24,01:00:00,Selangor,Petaling Jaya,3.1073,101.6067,26.2,80,0.0,2.9,2,State of sky on the whole unchanged
2026-05-24,01:00:00,Labuan,Labuan,5.2803,115.2475,28.0,83,0.0,6.7,3,Clouds generally forming or developing
2026-05-24,01:00:00,Johor,Muar,2.05,102.56,25.9,90,0.0,6.3,3,Clouds generally forming or developing
2026-05-24,01:00:00,Sarawak,Miri,4.4028,113.9933,24.9,97,0.0,10.9,3,Clouds generally forming or developing
2026-05-24,01:00:00,Johor,Batu Pahat,1.85,102.93,25.1,95,0.0,2.1,3,Clouds generally forming or developing
2026-05-24,01:00:00,Sarawak,Sibu,2.3,111.8167,25.8,90,0.0,1.0,3,Clouds generally forming or developing
2026-05-24,01:00:00,Sarawak,Bintulu,3.17,113.03,28.1,79,0.0,4.4,3,Clouds generally forming or developing
2026-05-24,01:00:00,Terengganu,Kuala Terengganu,5.3303,103.1408,26.0,91,0.0,9.8,3,Clouds generally forming or developing
2026-05-24,01:00:00,Kedah,Alor Setar,6.1167,100.3667,28.0,79,0.0,9.4,3,Clouds generally forming or developing
2026-05-24,01:00:00,Kedah,Sungai Petani,5.65,100.48,27.7,79,0.0,4.9,3,Clouds generally forming or developing
2026-05-24,01:00:00,Perak,Teluk Intan,4.0259,101.0213,25.3,86,0.0,11.4,3,Clouds generally forming or developing
2026-05-24,01:00:00,Johor,Kluang,2.0336,103.3194,25.0,95,0.0,3.5,3,Clouds generally forming or developing
2026-05-24,01:00:00,Negeri Sembilan,Seremban,2.7297,101.9381,25.3,96,0.0,3.9,3,Clouds generally forming or developing
2026-05-24,01:00:00,Sabah,Kota Kinabalu,5.975,116.0725,25.7,84,0.0,6.9,3,Clouds generally forming or developing
2026-05-24,01:00:00,Pulau Pinang,Bukit Mertajam,5.3631,100.4667,28.9,76,0.0,5.2,3,Clouds generally forming or developing
2026-05-24,01:00:00,Putrajaya,Putrajaya,2.93,101.69,26.6,82,0.0,3.8,3,Clouds generally forming or developing
2026-05-24,01:00:00,Melaka,Melaka,2.1889,102.2511,25.6,89,0.0,10.0,3,Clouds generally forming or developing
2026-05-24,01:00:00,Perlis,Kangar,6.4333,100.2,27.4,84,0.0,9.9,3,Clouds generally forming or developing
2026-05-24,01:00:00,Kelantan,Kota Bharu,6.1333,102.25,26.0,98,0.0,7.5,3,Clouds generally forming or developing
2026-05-24,01:00:00,Sabah,Lahad Datu,5.03,118.34,25.7,95,0.0,6.9,3,Clouds generally forming or developing
2026-05-24,01:00:00,Terengganu,Cukai,4.2332,103.4479,26.4,96,0.0,5.4,3,Clouds generally forming or developing
2026-05-24,01:00:00,Pulau Pinang,George Town,5.4145,100.3292,28.7,76,0.0,7.8,3,Clouds generally forming or developing
2026-05-24,01:00:00,Pahang,Raub,3.7931,101.8569,24.5,98,0.0,1.9,3,Clouds generally forming or developing
2026-05-24,01:00:00,Pulau Pinang,Butterworth,5.3992,100.3639,28.9,76,0.0,5.2,3,Clouds generally forming or developing
2026-05-24,01:00:00,Pahang,Kuantan,3.8167,103.3333,25.9,98,0.0,5.1,51,"Drizzle, not freezing, continuous 	slight at time of observation"
2026-05-24,01:00:00,Perak,Ipoh,4.6,101.07,26.3,84,0.0,3.6,3,Clouds generally forming or developing
2026-05-24,01:00:00,Perak,Taiping,4.85,100.7333,25.5,90,0.0,6.2,3,Clouds generally forming or developing
2026-05-24,00:00:00,Johor,Johor Bahru,1.4556,103.7611,25.8,99,0.0,7.3,2,State of sky on the whole unchanged
2026-05-24,00:00:00,Johor,Batu Pahat,1.85,102.93,25.5,93,0.0,2.3,3,Clouds generally forming or developing
2026-05-24,00:00:00,Sarawak,Miri,4.4028,113.9933,25.4,96,0.1,11.2,51,"Drizzle, not freezing, continuous 	slight at time of observation"
2026-05-24,00:00:00,Perak,Ipoh,4.6,101.07,26.5,82,0.0,2.7,3,Clouds generally forming or developing
2026-05-24,00:00:00,Sarawak,Bintulu,3.17,113.03,28.5,76,0.0,8.6,3,Clouds generally forming or developing
2026-05-24,00:00:00,Perak,Teluk Intan,4.0259,101.0213,25.2,87,0.0,9.9,3,Clouds generally forming or developing
2026-05-24,00:00:00,Sabah,Sandakan,5.8388,118.1173,27.1,90,0.1,8.3,51,"Drizzle, not freezing, continuous 	slight at time of observation"
2026-05-24,00:00:00,Putrajaya,Putrajaya,2.93,101.69,26.6,85,0.0,4.1,3,Clouds generally forming or developing
2026-05-24,00:00:00,Perlis,Kangar,6.4333,100.2,27.5,83,0.0,6.7,3,Clouds generally forming or developing
2026-05-24,00:00:00,Terengganu,Cukai,4.2332,103.4479,26.4,96,0.0,5.0,3,Clouds generally forming or developing
2026-05-24,00:00:00,Pahang,Raub,3.7931,101.8569,24.8,98,0.0,2.6,3,Clouds generally forming or developing
2026-05-24,00:00:00,Sabah,Tawau,4.2448,117.8911,26.6,95,0.0,3.7,95,"Thunderstorm, slight or moderate, without hail** but with rain and/or snow at time of observation - Thunderstorm at time of observation"
2026-05-24,00:00:00,Kedah,Alor Setar,6.1167,100.3667,28.4,77,0.0,7.2,3,Clouds generally forming or developing
2026-05-24,00:00:00,Johor,Kluang,2.0336,103.3194,25.1,93,0.0,1.9,3,Clouds generally forming or developing
2026-05-24,00:00:00,Kelantan,Kota Bharu,6.1333,102.25,26.0,98,0.3,6.3,53,"Drizzle, not freezing, continuous 	moderate at time of observation"
2026-05-24,00:00:00,Pulau Pinang,Butterworth,5.3992,100.3639,29.4,74,0.0,4.3,3,Clouds generally forming or developing
2026-05-24,00:00:00,Pulau Pinang,George Town,5.4145,100.3292,29.2,72,0.0,9.7,3,Clouds generally forming or developing
2026-05-24,00:00:00,Selangor,Petaling Jaya,3.1073,101.6067,26.6,78,0.0,3.4,3,Clouds generally forming or developing
2026-05-24,00:00:00,Pahang,Kuantan,3.8167,103.3333,26.0,97,0.0,5.1,3,Clouds generally forming or developing
2026-05-24,00:00:00,Selangor,Shah Alam,3.0833,101.5333,26.9,76,0.0,6.3,3,Clouds generally forming or developing
2026-05-24,00:00:00,Melaka,Melaka,2.1889,102.2511,25.9,87,0.0,11.9,3,Clouds generally forming or developing
2026-05-24,00:00:00,Sabah,Kota Kinabalu,5.975,116.0725,25.7,87,0.0,4.8,3,Clouds generally forming or developing
2026-05-24,00:00:00,Kuala Lumpur,Kuala Lumpur,3.1478,101.6953,26.4,89,0.0,1.5,3,Clouds generally forming or developing
2026-05-24,00:00:00,Pahang,Kuala Lipis,4.184,102.042,25.2,98,0.0,2.5,2,State of sky on the whole unchanged
2026-05-24,00:00:00,Johor,Muar,2.05,102.56,26.0,92,0.0,5.3,3,Clouds generally forming or developing
2026-05-24,00:00:00,Labuan,Labuan,5.2803,115.2475,28.1,82,0.0,7.8,2,State of sky on the whole unchanged
2026-05-24,00:00:00,Kedah,Sungai Petani,5.65,100.48,28.4,74,0.0,6.8,3,Clouds generally forming or developing
2026-05-24,00:00:00,Terengganu,Kuala Terengganu,5.3303,103.1408,26.1,92,0.0,10.8,3,Clouds generally forming or developing
2026-05-24,00:00:00,Sarawak,Sibu,2.3,111.8167,25.9,90,0.0,3.8,3,Clouds generally forming or developing
2026-05-24,00:00:00,Perak,Taiping,4.85,100.7333,26.2,88,0.0,6.3,3,Clouds generally forming or developing
2026-05-24,00:00:00,Selangor,Klang,3.0333,101.45,26.5,81,0.0,6.9,3,Clouds generally forming or developing
2026-05-24,00:00:00,Pulau Pinang,Bukit Mertajam,5.3631,100.4667,29.3,74,0.0,4.3,3,Clouds generally forming or developing
2026-05-24,00:00:00,Sabah,Lahad Datu,5.03,118.34,25.8,95,0.0,7.9,3,Clouds generally forming or developing
2026-05-24,00:00:00,Negeri Sembilan,Seremban,2.7297,101.9381,25.8,93,0.0,4.5,3,Clouds generally forming or developing
2026-05-24,06:00:00,Terengganu,Cukai,4.2332,103.4479,26.4,100,1.7,3.7,80,"Rain shower(s), slight"
2026-05-24,06:00:00,Labuan,Labuan,5.2803,115.2475,26.5,94,0.4,7.1,80,"Rain shower(s), slight"
2026-05-24,06:00:00,Selangor,Shah Alam,3.0833,101.5333,24.9,86,0.0,1.3,3,Clouds generally forming or developing
2026-05-24,06:00:00,Perlis,Kangar,6.4333,100.2,25.1,96,0.4,1.8,51,"Drizzle, not freezing, continuous 	slight at time of observation"
2026-05-24,06:00:00,Sarawak,Miri,4.4028,113.9933,24.4,95,0.0,8.5,3,Clouds generally forming or developing
2026-05-24,06:00:00,Kuala Lumpur,Kuala Lumpur,3.1478,101.6953,24.2,100,0.0,0.9,3,Clouds generally forming or developing
2026-05-24,06:00:00,Pahang,Kuala Lipis,4.184,102.042,24.2,99,0.0,2.4,3,Clouds generally forming or developing
2026-05-24,06:00:00,Sarawak,Bintulu,3.17,113.03,24.8,93,0.0,8.0,1,Clouds generally dissolving or becoming less developed
2026-05-24,06:00:00,Pulau Pinang,Bukit Mertajam,5.3631,100.4667,25.1,96,0.3,4.1,53,"Drizzle, not freezing, continuous 	moderate at time of observation"
2026-05-24,06:00:00,Pahang,Raub,3.7931,101.8569,23.4,91,0.0,0.8,3,Clouds generally forming or developing
2026-05-24,06:00:00,Pulau Pinang,George Town,5.4145,100.3292,25.2,99,0.8,2.8,53,"Drizzle, not freezing, continuous 	moderate at time of observation"
2026-05-24,06:00:00,Melaka,Melaka,2.1889,102.2511,24.8,95,0.0,5.1,3,Clouds generally forming or developing
2026-05-24,06:00:00,Selangor,Petaling Jaya,3.1073,101.6067,24.5,94,0.0,0.3,3,Clouds generally forming or developing
2026-05-24,06:00:00,Sabah,Lahad Datu,5.03,118.34,25.5,94,0.0,3.4,3,Clouds generally forming or developing
2026-05-24,06:00:00,Sarawak,Kuching,1.5397,110.3542,25.2,90,0.0,7.1,1,Clouds generally dissolving or becoming less developed
2026-05-24,06:00:00,Kedah,Sungai Petani,5.65,100.48,24.4,100,2.2,5.8,80,"Rain shower(s), slight"
2026-05-24,06:00:00,Johor,Johor Bahru,1.4556,103.7611,24.6,100,0.0,2.6,3,Clouds generally forming or developing
2026-05-24,06:00:00,Terengganu,Kuala Terengganu,5.3303,103.1408,25.6,97,0.0,2.4,3,Clouds generally forming or developing
2026-05-24,06:00:00,Kedah,Alor Setar,6.1167,100.3667,25.4,98,0.6,5.2,55,"Drizzle, not freezing, continuous heavy (dense) at time of observation"
2026-05-24,06:00:00,Sabah,Tawau,4.2448,117.8911,25.0,96,0.0,7.6,3,Clouds generally forming or developing
2026-05-24,06:00:00,Sarawak,Sibu,2.3,111.8167,25.5,98,0.0,5.1,3,Clouds generally forming or developing
2026-05-24,06:00:00,Perak,Teluk Intan,4.0259,101.0213,24.9,91,0.0,12.9,3,Clouds generally forming or developing
2026-05-24,06:00:00,Perak,Ipoh,4.6,101.07,25.1,94,0.0,9.1,3,Clouds generally forming or developing
2026-05-24,06:00:00,Selangor,Klang,3.0333,101.45,24.5,85,0.0,4.0,3,Clouds generally forming or developing
2026-05-24,06:00:00,Johor,Batu Pahat,1.85,102.93,24.2,99,0.0,4.8,3,Clouds generally forming or developing
2026-05-24,06:00:00,Pahang,Kuantan,3.8167,103.3333,25.5,99,0.0,3.9,3,Clouds generally forming or developing
2026-05-24,06:00:00,Kelantan,Kota Bharu,6.1333,102.25,25.2,96,0.0,6.5,3,Clouds generally forming or developing
2026-05-24,06:00:00,Perak,Taiping,4.85,100.7333,24.1,96,0.0,8.7,3,Clouds generally forming or developing
2026-05-24,06:00:00,Sabah,Sandakan,5.8388,118.1173,25.9,97,0.0,7.0,3,Clouds generally forming or developing
2026-05-24,06:00:00,Johor,Muar,2.05,102.56,24.9,96,0.0,5.7,3,Clouds generally forming or developing
2026-05-24,06:00:00,Putrajaya,Putrajaya,2.93,101.69,24.8,97,0.0,2.4,3,Clouds generally forming or developing
2026-05-24,06:00:00,Pulau Pinang,Butterworth,5.3992,100.3639,25.2,96,0.3,4.1,53,"Drizzle, not freezing, continuous 	moderate at time of observation"
2026-05-24,06:00:00,Negeri Sembilan,Seremban,2.7297,101.9381,24.9,91,0.0,2.3,3,Clouds generally forming or developing
2026-05-24,05:00:00,Pahang,Kuantan,3.8167,103.3333,25.8,99,0.0,2.7,3,Clouds generally forming or developing
2026-05-24,05:00:00,Kelantan,Kota Bharu,6.1333,102.25,25.2,97,0.0,7.0,3,Clouds generally forming or developing
2026-05-24,05:00:00,Pahang,Raub,3.7931,101.8569,23.4,96,0.0,1.5,3,Clouds generally forming or developing
2026-05-24,05:00:00,Johor,Johor Bahru,1.4556,103.7611,24.8,100,0.0,2.7,3,Clouds generally forming or developing
2026-05-24,05:00:00,Perak,Teluk Intan,4.0259,101.0213,24.8,92,0.0,11.4,3,Clouds generally forming or developing
2026-05-24,05:00:00,Selangor,Shah Alam,3.0833,101.5333,25.0,84,0.0,4.1,3,Clouds generally forming or developing
2026-05-24,05:00:00,Kedah,Alor Setar,6.1167,100.3667,25.7,94,0.5,2.8,53,"Drizzle, not freezing, continuous 	moderate at time of observation"
2026-05-24,05:00:00,Sarawak,Bintulu,3.17,113.03,25.0,92,0.0,7.6,3,Clouds generally forming or developing
2026-05-24,05:00:00,Melaka,Melaka,2.1889,102.2511,24.9,94,0.0,6.6,3,Clouds generally forming or developing
2026-05-24,05:00:00,Labuan,Labuan,5.2803,115.2475,26.8,89,0.0,6.5,53,"Drizzle, not freezing, continuous 	moderate at time of observation"
2026-05-24,05:00:00,Kuala Lumpur,Kuala Lumpur,3.1478,101.6953,24.3,99,0.0,2.7,3,Clouds generally forming or developing
2026-05-24,05:00:00,Sarawak,Miri,4.4028,113.9933,24.5,95,0.0,8.4,3,Clouds generally forming or developing
2026-05-24,05:00:00,Sabah,Lahad Datu,5.03,118.34,25.5,93,0.0,2.8,3,Clouds generally forming or developing
2026-05-24,05:00:00,Selangor,Klang,3.0333,101.45,24.8,84,0.0,5.6,3,Clouds generally forming or developing
2026-05-24,05:00:00,Sarawak,Sibu,2.3,111.8167,25.2,99,0.0,2.6,3,Clouds generally forming or developing
2026-05-24,05:00:00,Pulau Pinang,Butterworth,5.3992,100.3639,25.5,95,1.1,2.4,80,"Rain shower(s), slight"
2026-05-24,05:00:00,Pulau Pinang,George Town,5.4145,100.3292,25.0,98,1.7,0.8,81,"Rain shower(s), moderate or heavy"
2026-05-24,05:00:00,Terengganu,Kuala Terengganu,5.3303,103.1408,25.9,95,0.0,4.1,3,Clouds generally forming or developing
2026-05-24,05:00:00,Perak,Taiping,4.85,100.7333,24.3,97,0.1,7.0,51,"Drizzle, not freezing, continuous 	slight at time of observation"
2026-05-24,05:00:00,Sarawak,Kuching,1.5397,110.3542,25.4,90,0.0,5.4,2,State of sky on the whole unchanged
2026-05-24,05:00:00,Kedah,Sungai Petani,5.65,100.48,24.5,100,0.7,1.9,81,"Rain shower(s), moderate or heavy"
2026-05-24,05:00:00,Johor,Muar,2.05,102.56,25.1,95,0.0,4.4,3,Clouds generally forming or developing
2026-05-24,05:00:00,Perak,Ipoh,4.6,101.07,25.0,94,0.0,9.1,3,Clouds generally forming or developing
2026-05-24,05:00:00,Sabah,Tawau,4.2448,117.8911,25.3,97,0.0,6.3,3,Clouds generally forming or developing
2026-05-24,05:00:00,Perlis,Kangar,6.4333,100.2,25.2,95,0.7,5.7,53,"Drizzle, not freezing, continuous 	moderate at time of observation"
2026-05-24,05:00:00,Putrajaya,Putrajaya,2.93,101.69,25.0,96,0.0,4.6,3,Clouds generally forming or developing
2026-05-24,05:00:00,Terengganu,Cukai,4.2332,103.4479,26.3,100,1.3,2.9,95,"Thunderstorm, slight or moderate, without hail** but with rain and/or snow at time of observation - Thunderstorm at time of observation"
2026-05-24,05:00:00,Pahang,Kuala Lipis,4.184,102.042,24.5,99,0.0,2.2,3,Clouds generally forming or developing
2026-05-24,05:00:00,Pulau Pinang,Bukit Mertajam,5.3631,100.4667,25.4,95,1.1,2.4,80,"Rain shower(s), slight"
2026-05-24,05:00:00,Johor,Batu Pahat,1.85,102.93,24.2,100,0.0,5.8,3,Clouds generally forming or developing
2026-05-24,05:00:00,Negeri Sembilan,Seremban,2.7297,101.9381,24.6,94,0.0,1.8,3,Clouds generally forming or developing
2026-05-24,05:00:00,Sabah,Sandakan,5.8388,118.1173,25.8,96,0.0,7.8,3,Clouds generally forming or developing
2026-05-24,05:00:00,Selangor,Petaling Jaya,3.1073,101.6067,24.7,92,0.0,1.5,3,Clouds generally forming or developing
2026-05-24,04:00:00,Johor,Batu Pahat,1.85,102.93,24.2,99,0.0,6.0,2,State of sky on the whole unchanged
2026-05-24,04:00:00,Kedah,Alor Setar,6.1167,100.3667,25.8,91,0.3,11.2,80,"Rain shower(s), slight"
2026-05-24,04:00:00,Terengganu,Cukai,4.2332,103.4479,26.3,99,0.1,3.4,95,"Thunderstorm, slight or moderate, without hail** but with rain and/or snow at time of observation - Thunderstorm at time of observation"
2026-05-24,04:00:00,Sarawak,Bintulu,3.17,113.03,24.8,94,0.0,9.8,2,State of sky on the whole unchanged
2026-05-24,04:00:00,Pulau Pinang,Butterworth,5.3992,100.3639,25.2,96,0.0,8.8,81,"Rain shower(s), moderate or heavy"
2026-05-24,04:00:00,Selangor,Shah Alam,3.0833,101.5333,25.4,82,0.0,4.2,3,Clouds generally forming or developing
2026-05-24,04:00:00,Pulau Pinang,Bukit Mertajam,5.3631,100.4667,25.1,96,0.0,8.8,81,"Rain shower(s), moderate or heavy"
2026-05-24,04:00:00,Pulau Pinang,George Town,5.4145,100.3292,25.1,98,0.1,6.3,81,"Rain shower(s), moderate or heavy"
2026-05-24,04:00:00,Selangor,Klang,3.0333,101.45,25.1,84,0.0,5.6,2,State of sky on the whole unchanged
2026-05-24,04:00:00,Selangor,Petaling Jaya,3.1073,101.6067,24.8,91,0.0,2.1,3,Clouds generally forming or developing
2026-05-24,04:00:00,Sabah,Sandakan,5.8388,118.1173,25.8,97,0.0,8.0,2,State of sky on the whole unchanged
2026-05-24,04:00:00,Perlis,Kangar,6.4333,100.2,25.2,92,0.3,12.0,55,"Drizzle, not freezing, continuous heavy (dense) at time of observation"
2026-05-24,04:00:00,Perak,Ipoh,4.6,101.07,25.1,92,0.0,7.5,3,Clouds generally forming or developing
2026-05-24,04:00:00,Melaka,Melaka,2.1889,102.2511,25.0,93,0.0,7.3,2,State of sky on the whole unchanged
2026-05-24,04:00:00,Kuala Lumpur,Kuala Lumpur,3.1478,101.6953,24.5,100,0.0,3.6,3,Clouds generally forming or developing
2026-05-24,04:00:00,Negeri Sembilan,Seremban,2.7297,101.9381,24.8,95,0.0,3.1,3,Clouds generally forming or developing
2026-05-24,04:00:00,Perak,Teluk Intan,4.0259,101.0213,24.9,92,0.0,10.2,3,Clouds generally forming or developing
2026-05-24,04:00:00,Kelantan,Kota Bharu,6.1333,102.25,25.3,97,0.0,8.6,3,Clouds generally forming or developing
2026-05-24,04:00:00,Sarawak,Sibu,2.3,111.8167,25.3,97,0.0,0.9,3,Clouds generally forming or developing
2026-05-24,04:00:00,Kedah,Sungai Petani,5.65,100.48,25.8,95,0.3,4.8,51,"Drizzle, not freezing, continuous 	slight at time of observation"
2026-05-24,04:00:00,Terengganu,Kuala Terengganu,5.3303,103.1408,26.1,93,0.0,5.5,3,Clouds generally forming or developing
2026-05-24,04:00:00,Pahang,Kuala Lipis,4.184,102.042,24.8,97,0.0,1.2,3,Clouds generally forming or developing
2026-05-24,04:00:00,Sarawak,Kuching,1.5397,110.3542,25.4,92,0.0,5.8,3,Clouds generally forming or developing
2026-05-24,04:00:00,Sarawak,Miri,4.4028,113.9933,24.6,96,0.0,8.9,3,Clouds generally forming or developing
2026-05-24,04:00:00,Perak,Taiping,4.85,100.7333,24.8,96,0.3,8.6,51,"Drizzle, not freezing, continuous 	slight at time of observation"
2026-05-24,04:00:00,Pahang,Kuantan,3.8167,103.3333,25.9,99,0.3,3.0,51,"Drizzle, not freezing, continuous 	slight at time of observation"
2026-05-24,04:00:00,Johor,Muar,2.05,102.56,25.4,93,0.0,3.8,3,Clouds generally forming or developing
2026-05-24,04:00:00,Sabah,Tawau,4.2448,117.8911,25.2,98,0.1,8.5,51,"Drizzle, not freezing, continuous 	slight at time of observation"
2026-05-24,04:00:00,Putrajaya,Putrajaya,2.93,101.69,25.4,93,0.0,3.5,3,Clouds generally forming or developing
2026-05-24,04:00:00,Labuan,Labuan,5.2803,115.2475,27.4,87,0.1,9.3,51,"Drizzle, not freezing, continuous 	slight at time of observation"
2026-05-24,04:00:00,Pahang,Raub,3.7931,101.8569,23.7,96,0.0,2.8,3,Clouds generally forming or developing
2026-05-24,04:00:00,Johor,Johor Bahru,1.4556,103.7611,24.9,100,0.0,3.2,3,Clouds generally forming or developing
2026-05-24,04:00:00,Sabah,Lahad Datu,5.03,118.34,25.4,94,0.0,3.2,3,Clouds generally forming or developing
2026-05-24,03:00:00,Perak,Teluk Intan,4.0259,101.0213,24.7,92,0.0,10.1,3,Clouds generally forming or developing
2026-05-24,03:00:00,Terengganu,Kuala Terengganu,5.3303,103.1408,26.2,91,0.0,7.0,3,Clouds generally forming or developing
2026-05-24,03:00:00,Kedah,Alor Setar,6.1167,100.3667,27.5,83,0.0,6.0,3,Clouds generally forming or developing
2026-05-24,03:00:00,Labuan,Labuan,5.2803,115.2475,27.4,89,0.2,8.4,51,"Drizzle, not freezing, continuous 	slight at time of observation"
2026-05-24,03:00:00,Johor,Johor Bahru,1.4556,103.7611,25.0,100,0.0,3.1,3,Clouds generally forming or developing
2026-05-24,03:00:00,Selangor,Shah Alam,3.0833,101.5333,25.6,82,0.0,2.5,3,Clouds generally forming or developing
2026-05-24,03:00:00,Johor,Batu Pahat,1.85,102.93,24.5,97,0.0,2.7,3,Clouds generally forming or developing
2026-05-24,03:00:00,Sarawak,Kuching,1.5397,110.3542,25.2,94,0.0,7.0,3,Clouds generally forming or developing
2026-05-24,03:00:00,Sarawak,Miri,4.4028,113.9933,24.7,97,0.0,10.6,3,Clouds generally forming or developing
2026-05-24,03:00:00,Pulau Pinang,George Town,5.4145,100.3292,27.2,86,0.1,5.7,53,"Drizzle, not freezing, continuous 	moderate at time of observation"
2026-05-24,03:00:00,Terengganu,Cukai,4.2332,103.4479,26.3,98,0.0,2.0,3,Clouds generally forming or developing
2026-05-24,03:00:00,Perak,Taiping,4.85,100.7333,25.0,94,0.3,3.3,55,"Drizzle, not freezing, continuous heavy (dense) at time of observation"
2026-05-24,03:00:00,Pulau Pinang,Butterworth,5.3992,100.3639,27.0,86,0.2,4.7,51,"Drizzle, not freezing, continuous 	slight at time of observation"
2026-05-24,03:00:00,Pahang,Kuala Lipis,4.184,102.042,24.7,99,0.0,3.2,3,Clouds generally forming or developing
2026-05-24,03:00:00,Perak,Ipoh,4.6,101.07,25.4,92,0.0,7.7,3,Clouds generally forming or developing
2026-05-24,03:00:00,Kuala Lumpur,Kuala Lumpur,3.1478,101.6953,24.9,98,0.0,1.0,3,Clouds generally forming or developing
2026-05-24,03:00:00,Pulau Pinang,Bukit Mertajam,5.3631,100.4667,26.9,86,0.2,4.7,51,"Drizzle, not freezing, continuous 	slight at time of observation"
2026-05-24,03:00:00,Sabah,Lahad Datu,5.03,118.34,25.4,94,0.0,8.0,3,Clouds generally forming or developing
2026-05-24,03:00:00,Selangor,Petaling Jaya,3.1073,101.6067,25.2,88,0.0,0.7,3,Clouds generally forming or developing
2026-05-24,03:00:00,Putrajaya,Putrajaya,2.93,101.69,25.6,92,0.0,2.8,3,Clouds generally forming or developing
2026-05-24,03:00:00,Kelantan,Kota Bharu,6.1333,102.25,25.5,97,0.0,8.5,3,Clouds generally forming or developing
2026-05-24,03:00:00,Pahang,Raub,3.7931,101.8569,23.7,94,0.0,3.2,3,Clouds generally forming or developing
2026-05-24,03:00:00,Melaka,Melaka,2.1889,102.2511,25.1,93,0.0,7.2,3,Clouds generally forming or developing
2026-05-24,03:00:00,Sarawak,Sibu,2.3,111.8167,25.5,94,0.0,0.4,2,State of sky on the whole unchanged
2026-05-24,03:00:00,Sabah,Sandakan,5.8388,118.1173,26.0,98,0.3,4.5,51,"Drizzle, not freezing, continuous 	slight at time of observation"
2026-05-24,03:00:00,Johor,Muar,2.05,102.56,25.5,92,0.0,4.5,3,Clouds generally forming or developing
2026-05-24,03:00:00,Pahang,Kuantan,3.8167,103.3333,25.9,99,0.6,2.2,53,"Drizzle, not freezing, continuous 	moderate at time of observation"
2026-05-24,03:00:00,Selangor,Klang,3.0333,101.45,25.4,84,0.0,4.5,3,Clouds generally forming or developing
2026-05-24,03:00:00,Sabah,Tawau,4.2448,117.8911,25.0,98,0.5,4.9,53,"Drizzle, not freezing, continuous 	moderate at time of observation"
2026-05-24,03:00:00,Kedah,Sungai Petani,5.65,100.48,26.0,93,0.8,3.8,80,"Rain shower(s), slight"
2026-05-24,03:00:00,Perlis,Kangar,6.4333,100.2,27.1,85,0.0,7.9,3,Clouds generally forming or developing
2026-05-24,03:00:00,Sarawak,Bintulu,3.17,113.03,25.9,91,0.0,10.6,3,Clouds generally forming or developing
2026-05-24,03:00:00,Negeri Sembilan,Seremban,2.7297,101.9381,24.7,97,0.0,2.9,3,Clouds generally forming or developing
2026-05-24,02:00:00,Pahang,Kuala Lipis,4.184,102.042,24.8,98,0.0,3.5,3,Clouds generally forming or developing
2026-05-24,02:00:00,Sabah,Lahad Datu,5.03,118.34,25.5,94,0.0,6.9,3,Clouds generally forming or developing
2026-05-24,02:00:00,Selangor,Klang,3.0333,101.45,26.0,81,0.0,6.2,3,Clouds generally forming or developing
2026-05-24,02:00:00,Putrajaya,Putrajaya,2.93,101.69,26.0,88,0.0,3.1,2,State of sky on the whole unchanged
2026-05-24,02:00:00,Sarawak,Miri,4.4028,113.9933,24.8,97,0.0,10.2,3,Clouds generally forming or developing
2026-05-24,02:00:00,Perak,Taiping,4.85,100.7333,25.4,91,0.0,1.4,2,State of sky on the whole unchanged
2026-05-24,02:00:00,Johor,Batu Pahat,1.85,102.93,24.8,95,0.0,4.4,3,Clouds generally forming or developing
2026-05-24,02:00:00,Sabah,Tawau,4.2448,117.8911,24.7,99,0.4,10.5,80,"Rain shower(s), slight"
2026-05-24,02:00:00,Kuala Lumpur,Kuala Lumpur,3.1478,101.6953,25.4,95,0.0,0.7,3,Clouds generally forming or developing
2026-05-24,02:00:00,Pulau Pinang,Bukit Mertajam,5.3631,100.4667,28.3,80,0.0,4.2,3,Clouds generally forming or developing
2026-05-24,02:00:00,Pahang,Kuantan,3.8167,103.3333,25.9,99,0.2,4.0,51,"Drizzle, not freezing, continuous 	slight at time of observation"
2026-05-24,02:00:00,Johor,Muar,2.05,102.56,25.6,91,0.0,6.4,3,Clouds generally forming or developing
2026-05-24,02:00:00,Sarawak,Sibu,2.3,111.8167,25.7,91,0.0,0.4,2,State of sky on the whole unchanged
2026-05-24,02:00:00,Kedah,Alor Setar,6.1167,100.3667,27.9,81,0.0,9.6,3,Clouds generally forming or developing
2026-05-24,02:00:00,Pulau Pinang,George Town,5.4145,100.3292,27.8,84,0.2,8.1,51,"Drizzle, not freezing, continuous 	slight at time of observation"
2026-05-24,02:00:00,Negeri Sembilan,Seremban,2.7297,101.9381,24.9,97,0.0,3.5,3,Clouds generally forming or developing
2026-05-24,02:00:00,Perak,Ipoh,4.6,101.07,26.0,88,0.0,5.8,2,State of sky on the whole unchanged
2026-05-24,02:00:00,Selangor,Petaling Jaya,3.1073,101.6067,25.7,84,0.0,1.3,3,Clouds generally forming or developing
2026-05-24,02:00:00,Perlis,Kangar,6.4333,100.2,27.5,84,0.0,9.9,3,Clouds generally forming or developing
2026-05-24,02:00:00,Kelantan,Kota Bharu,6.1333,102.25,25.8,96,0.0,7.5,3,Clouds generally forming or developing
2026-05-24,02:00:00,Pahang,Raub,3.7931,101.8569,24.2,95,0.0,1.1,3,Clouds generally forming or developing
2026-05-24,02:00:00,Pulau Pinang,Butterworth,5.3992,100.3639,28.4,80,0.0,4.2,3,Clouds generally forming or developing
2026-05-24,02:00:00,Sarawak,Bintulu,3.17,113.03,27.4,82,0.0,2.2,3,Clouds generally forming or developing
2026-05-24,02:00:00,Sabah,Sandakan,5.8388,118.1173,26.2,97,0.9,3.9,53,"Drizzle, not freezing, continuous 	moderate at time of observation"
2026-05-24,02:00:00,Johor,Johor Bahru,1.4556,103.7611,25.2,100,0.0,1.2,3,Clouds generally forming or developing
2026-05-24,02:00:00,Terengganu,Cukai,4.2332,103.4479,26.4,97,0.0,1.9,3,Clouds generally forming or developing
2026-05-24,02:00:00,Sarawak,Kuching,1.5397,110.3542,25.0,95,0.0,4.9,3,Clouds generally forming or developing
2026-05-24,02:00:00,Kedah,Sungai Petani,5.65,100.48,26.4,88,0.0,5.3,55,"Drizzle, not freezing, continuous heavy (dense) at time of observation"
2026-05-24,02:00:00,Terengganu,Kuala Terengganu,5.3303,103.1408,26.2,90,0.0,7.8,3,Clouds generally forming or developing
2026-05-24,02:00:00,Perak,Teluk Intan,4.0259,101.0213,25.1,89,0.0,12.1,3,Clouds generally forming or developing
2026-05-24,02:00:00,Labuan,Labuan,5.2803,115.2475,27.6,86,0.1,5.9,55,"Drizzle, not freezing, continuous heavy (dense) at time of observation"
2026-05-24,02:00:00,Selangor,Shah Alam,3.0833,101.5333,26.2,77,0.0,5.6,3,Clouds generally forming or developing
2026-05-24,02:00:00,Melaka,Melaka,2.1889,102.2511,25.4,91,0.0,8.2,3,Clouds generally forming or developing
2026-05-24,01:00:00,Sabah,Tawau,4.2448,117.8911,26.5,96,0.0,6.0,95,"Thunderstorm, slight or moderate, without hail** but with rain and/or snow at time of observation - Thunderstorm at time of observation"
2026-05-24,01:00:00,Johor,Muar,2.05,102.56,25.9,90,0.0,6.3,3,Clouds generally forming or developing
2026-05-24,01:00:00,Perak,Teluk Intan,4.0259,101.0213,25.3,86,0.0,11.4,3,Clouds generally forming or developing
2026-05-24,01:00:00,Putrajaya,Putrajaya,2.93,101.69,26.6,82,0.0,3.8,3,Clouds generally forming or developing
2026-05-24,01:00:00,Johor,Johor Bahru,1.4556,103.7611,25.5,99,0.0,0.0,2,State of sky on the whole unchanged
2026-05-24,01:00:00,Perlis,Kangar,6.4333,100.2,27.4,84,0.0,9.9,3,Clouds generally forming or developing
2026-05-24,01:00:00,Sabah,Sandakan,5.8388,118.1173,26.0,97,0.7,6.9,81,"Rain shower(s), moderate or heavy"
2026-05-24,01:00:00,Johor,Batu Pahat,1.85,102.93,25.1,95,0.0,2.1,3,Clouds generally forming or developing
2026-05-24,01:00:00,Labuan,Labuan,5.2803,115.2475,28.0,83,0.0,6.7,3,Clouds generally forming or developing
2026-05-24,01:00:00,Sarawak,Bintulu,3.17,113.03,28.1,79,0.0,4.4,3,Clouds generally forming or developing
2026-05-24,01:00:00,Selangor,Klang,3.0333,101.45,26.3,81,0.0,7.7,2,State of sky on the whole unchanged
2026-05-24,01:00:00,Terengganu,Cukai,4.2332,103.4479,26.4,96,0.0,5.4,3,Clouds generally forming or developing
2026-05-24,01:00:00,Pahang,Raub,3.7931,101.8569,24.5,98,0.0,1.9,3,Clouds generally forming or developing
2026-05-24,01:00:00,Selangor,Shah Alam,3.0833,101.5333,26.6,76,0.0,7.2,2,State of sky on the whole unchanged
2026-05-24,01:00:00,Selangor,Petaling Jaya,3.1073,101.6067,26.2,80,0.0,2.9,2,State of sky on the whole unchanged
2026-05-24,01:00:00,Kedah,Alor Setar,6.1167,100.3667,28.0,79,0.0,9.4,3,Clouds generally forming or developing
2026-05-24,01:00:00,Perak,Taiping,4.85,100.7333,25.5,90,0.0,6.2,3,Clouds generally forming or developing
2026-05-24,01:00:00,Sarawak,Kuching,1.5397,110.3542,25.2,95,0.0,3.9,3,Clouds generally forming or developing
2026-05-24,01:00:00,Sarawak,Sibu,2.3,111.8167,25.8,90,0.0,1.0,3,Clouds generally forming or developing
2026-05-24,01:00:00,Pulau Pinang,George Town,5.4145,100.3292,28.7,76,0.0,7.8,3,Clouds generally forming or developing
2026-05-24,01:00:00,Perak,Ipoh,4.6,101.07,26.3,84,0.0,3.6,3,Clouds generally forming or developing
2026-05-24,01:00:00,Terengganu,Kuala Terengganu,5.3303,103.1408,26.0,91,0.0,9.8,3,Clouds generally forming or developing
2026-05-24,01:00:00,Sarawak,Miri,4.4028,113.9933,24.9,97,0.0,10.9,3,Clouds generally forming or developing
2026-05-24,01:00:00,Melaka,Melaka,2.1889,102.2511,25.6,89,0.0,10.0,3,Clouds generally forming or developing
2026-05-24,01:00:00,Sabah,Lahad Datu,5.03,118.34,25.7,95,0.0,6.9,3,Clouds generally forming or developing
2026-05-24,01:00:00,Kuala Lumpur,Kuala Lumpur,3.1478,101.6953,26.0,91,0.0,1.2,3,Clouds generally forming or developing
2026-05-24,01:00:00,Pulau Pinang,Butterworth,5.3992,100.3639,28.9,76,0.0,5.2,3,Clouds generally forming or developing
2026-05-24,01:00:00,Pahang,Kuala Lipis,4.184,102.042,25.0,98,0.0,3.5,2,State of sky on the whole unchanged
2026-05-24,01:00:00,Kedah,Sungai Petani,5.65,100.48,27.7,79,0.0,4.9,3,Clouds generally forming or developing
2026-05-24,01:00:00,Pahang,Kuantan,3.8167,103.3333,25.9,98,0.0,5.1,51,"Drizzle, not freezing, continuous 	slight at time of observation"
2026-05-24,01:00:00,Kelantan,Kota Bharu,6.1333,102.25,26.0,98,0.0,7.5,3,Clouds generally forming or developing
2026-05-24,01:00:00,Pulau Pinang,Bukit Mertajam,5.3631,100.4667,28.9,76,0.0,5.2,3,Clouds generally forming or developing
2026-05-24,01:00:00,Negeri Sembilan,Seremban,2.7297,101.9381,25.3,96,0.0,3.9,3,Clouds generally forming or developing
2026-05-24,00:00:00,Selangor,Petaling Jaya,3.1073,101.6067,26.6,78,0.0,3.4,3,Clouds generally forming or developing
2026-05-24,00:00:00,Pulau Pinang,George Town,5.4145,100.3292,29.2,72,0.0,9.7,3,Clouds generally forming or developing
2026-05-24,00:00:00,Kedah,Sungai Petani,5.65,100.48,28.4,74,0.0,6.8,3,Clouds generally forming or developing
2026-05-24,00:00:00,Johor,Muar,2.05,102.56,26.0,92,0.0,5.3,3,Clouds generally forming or developing
2026-05-24,00:00:00,Sabah,Tawau,4.2448,117.8911,26.6,95,0.0,3.7,95,"Thunderstorm, slight or moderate, without hail** but with rain and/or snow at time of observation - Thunderstorm at time of observation"
2026-05-24,00:00:00,Negeri Sembilan,Seremban,2.7297,101.9381,25.8,93,0.0,4.5,3,Clouds generally forming or developing
2026-05-24,00:00:00,Sarawak,Bintulu,3.17,113.03,28.5,76,0.0,8.6,3,Clouds generally forming or developing
2026-05-24,00:00:00,Perlis,Kangar,6.4333,100.2,27.5,83,0.0,6.7,3,Clouds generally forming or developing
2026-05-24,00:00:00,Melaka,Melaka,2.1889,102.2511,25.9,87,0.0,11.9,3,Clouds generally forming or developing
2026-05-24,00:00:00,Pahang,Kuantan,3.8167,103.3333,26.0,97,0.0,5.1,3,Clouds generally forming or developing
2026-05-24,00:00:00,Putrajaya,Putrajaya,2.93,101.69,26.6,85,0.0,4.1,3,Clouds generally forming or developing
2026-05-24,00:00:00,Perak,Teluk Intan,4.0259,101.0213,25.2,87,0.0,9.9,3,Clouds generally forming or developing
2026-05-24,00:00:00,Selangor,Shah Alam,3.0833,101.5333,26.9,76,0.0,6.3,3,Clouds generally forming or developing
2026-05-24,00:00:00,Pulau Pinang,Butterworth,5.3992,100.3639,29.4,74,0.0,4.3,3,Clouds generally forming or developing
2026-05-24,00:00:00,Terengganu,Kuala Terengganu,5.3303,103.1408,26.1,92,0.0,10.8,3,Clouds generally forming or developing
2026-05-24,00:00:00,Sarawak,Miri,4.4028,113.9933,25.4,96,0.1,11.2,51,"Drizzle, not freezing, continuous 	slight at time of observation"
2026-05-24,00:00:00,Terengganu,Cukai,4.2332,103.4479,26.4,96,0.0,5.0,3,Clouds generally forming or developing
2026-05-24,00:00:00,Sabah,Lahad Datu,5.03,118.34,25.8,95,0.0,7.9,3,Clouds generally forming or developing
2026-05-24,00:00:00,Labuan,Labuan,5.2803,115.2475,28.1,82,0.0,7.8,2,State of sky on the whole unchanged
2026-05-24,00:00:00,Pahang,Kuala Lipis,4.184,102.042,25.2,98,0.0,2.5,2,State of sky on the whole unchanged
2026-05-24,00:00:00,Kuala Lumpur,Kuala Lumpur,3.1478,101.6953,26.4,89,0.0,1.5,3,Clouds generally forming or developing
2026-05-24,00:00:00,Johor,Batu Pahat,1.85,102.93,25.5,93,0.0,2.3,3,Clouds generally forming or developing
2026-05-24,00:00:00,Pulau Pinang,Bukit Mertajam,5.3631,100.4667,29.3,74,0.0,4.3,3,Clouds generally forming or developing
2026-05-24,00:00:00,Kedah,Alor Setar,6.1167,100.3667,28.4,77,0.0,7.2,3,Clouds generally forming or developing
2026-05-24,00:00:00,Selangor,Klang,3.0333,101.45,26.5,81,0.0,6.9,3,Clouds generally forming or developing
2026-05-24,00:00:00,Perak,Taiping,4.85,100.7333,26.2,88,0.0,6.3,3,Clouds generally forming or developing
2026-05-24,00:00:00,Sabah,Sandakan,5.8388,118.1173,27.1,90,0.1,8.3,51,"Drizzle, not freezing, continuous 	slight at time of observation"
2026-05-24,00:00:00,Johor,Johor Bahru,1.4556,103.7611,25.8,99,0.0,7.3,2,State of sky on the whole unchanged
2026-05-24,00:00:00,Sarawak,Sibu,2.3,111.8167,25.9,90,0.0,3.8,3,Clouds generally forming or developing
2026-05-24,00:00:00,Perak,Ipoh,4.6,101.07,26.5,82,0.0,2.7,3,Clouds generally forming or developing
2026-05-24,00:00:00,Pahang,Raub,3.7931,101.8569,24.8,98,0.0,2.6,3,Clouds generally forming or developing
2026-05-24,00:00:00,Sarawak,Kuching,1.5397,110.3542,25.5,95,0.0,3.4,3,Clouds generally forming or developing
2026-05-24,00:00:00,Kelantan,Kota Bharu,6.1333,102.25,26.0,98,0.3,6.3,53,"Drizzle, not freezing, continuous 	moderate at time of observation"
2026-05-24,07:00:00,Pulau Pinang,Butterworth,5.3992,100.3639,25.2,97,0.5,6.4,53,"Drizzle, not freezing, continuous 	moderate at time of observation"
2026-05-24,07:00:00,Selangor,Petaling Jaya,3.1073,101.6067,24.2,94,0.0,1.8,3,Clouds generally forming or developing
2026-05-24,07:00:00,Sabah,Lahad Datu,5.03,118.34,26.6,92,0.0,4.0,3,Clouds generally forming or developing
2026-05-24,07:00:00,Sarawak,Bintulu,3.17,113.03,25.0,93,0.0,8.3,0,Cloud development not observed or not observable
2026-05-24,07:00:00,Pahang,Kuantan,3.8167,103.3333,25.2,99,0.0,4.7,3,Clouds generally forming or developing
2026-05-24,07:00:00,Pulau Pinang,Bukit Mertajam,5.3631,100.4667,25.1,97,0.5,6.4,53,"Drizzle, not freezing, continuous 	moderate at time of observation"
2026-05-24,07:00:00,Kedah,Alor Setar,6.1167,100.3667,25.0,98,0.6,8.2,53,"Drizzle, not freezing, continuous 	moderate at time of observation"
2026-05-24,07:00:00,Sarawak,Miri,4.4028,113.9933,24.8,94,0.0,9.0,1,Clouds generally dissolving or becoming less developed
2026-05-24,07:00:00,Perak,Taiping,4.85,100.7333,24.0,94,0.0,8.8,3,Clouds generally forming or developing
2026-05-24,07:00:00,Sarawak,Sibu,2.3,111.8167,25.5,98,0.0,5.8,3,Clouds generally forming or developing
2026-05-24,07:00:00,Sarawak,Kuching,1.5397,110.3542,25.2,89,0.0,7.7,2,State of sky on the whole unchanged
2026-05-24,07:00:00,Terengganu,Kuala Terengganu,5.3303,103.1408,25.6,98,0.0,3.2,3,Clouds generally forming or developing
2026-05-24,07:00:00,Johor,Johor Bahru,1.4556,103.7611,24.5,99,0.0,2.8,3,Clouds generally forming or developing
2026-05-24,07:00:00,Melaka,Melaka,2.1889,102.2511,25.0,95,0.0,4.5,3,Clouds generally forming or developing
2026-05-24,07:00:00,Sabah,Sandakan,5.8388,118.1173,26.4,96,0.0,7.1,3,Clouds generally forming or developing
2026-05-24,07:00:00,Sabah,Tawau,4.2448,117.8911,25.5,95,0.0,9.1,2,State of sky on the whole unchanged
2026-05-24,07:00:00,Negeri Sembilan,Seremban,2.7297,101.9381,24.5,94,0.0,4.5,3,Clouds generally forming or developing
2026-05-24,07:00:00,Labuan,Labuan,5.2803,115.2475,26.8,93,0.1,9.1,51,"Drizzle, not freezing, continuous 	slight at time of observation"
2026-05-24,07:00:00,Kuala Lumpur,Kuala Lumpur,3.1478,101.6953,24.2,99,0.0,0.2,3,Clouds generally forming or developing
2026-05-24,07:00:00,Selangor,Shah Alam,3.0833,101.5333,24.6,86,0.0,3.5,3,Clouds generally forming or developing
2026-05-24,07:00:00,Sabah,Kota Kinabalu,5.975,116.0725,27.4,76,0.0,6.8,3,Clouds generally forming or developing
2026-05-24,07:00:00,Kelantan,Kota Bharu,6.1333,102.25,25.2,96,0.0,7.4,3,Clouds generally forming or developing
2026-05-24,07:00:00,Selangor,Klang,3.0333,101.45,24.4,83,0.0,4.3,3,Clouds generally forming or developing
2026-05-24,07:00:00,Perak,Ipoh,4.6,101.07,25.0,94,0.0,11.2,3,Clouds generally forming or developing
2026-05-24,07:00:00,Perak,Teluk Intan,4.0259,101.0213,25.0,95,0.1,12.4,53,"Drizzle, not freezing, continuous 	moderate at time of observation"
2026-05-24,07:00:00,Terengganu,Cukai,4.2332,103.4479,26.1,99,0.4,6.0,51,"Drizzle, not freezing, continuous 	slight at time of observation"
2026-05-24,07:00:00,Johor,Batu Pahat,1.85,102.93,24.2,100,0.0,2.2,3,Clouds generally forming or developing
2026-05-24,07:00:00,Johor,Kluang,2.0336,103.3194,23.5,100,0.0,3.9,3,Clouds generally forming or developing
2026-05-24,07:00:00,Pahang,Kuala Lipis,4.184,102.042,24.3,99,0.0,2.0,3,Clouds generally forming or developing
2026-05-24,07:00:00,Pulau Pinang,George Town,5.4145,100.3292,25.3,99,0.2,2.2,51,"Drizzle, not freezing, continuous 	slight at time of observation"
2026-05-24,07:00:00,Putrajaya,Putrajaya,2.93,101.69,24.5,97,0.0,1.3,3,Clouds generally forming or developing
2026-05-24,07:00:00,Johor,Muar,2.05,102.56,24.9,97,0.0,0.6,3,Clouds generally forming or developing
2026-05-24,07:00:00,Pahang,Raub,3.7931,101.8569,23.4,90,0.0,0.5,3,Clouds generally forming or developing
2026-05-24,06:00:00,Terengganu,Cukai,4.2332,103.4479,26.4,100,1.7,3.7,80,"Rain shower(s), slight"
2026-05-24,06:00:00,Selangor,Shah Alam,3.0833,101.5333,24.9,86,0.0,1.3,3,Clouds generally forming or developing
2026-05-24,06:00:00,Johor,Muar,2.05,102.56,24.9,96,0.0,5.7,3,Clouds generally forming or developing
2026-05-24,06:00:00,Perak,Taiping,4.85,100.7333,24.1,96,0.0,8.7,3,Clouds generally forming or developing
2026-05-24,06:00:00,Perak,Teluk Intan,4.0259,101.0213,24.9,91,0.0,12.9,3,Clouds generally forming or developing
2026-05-24,06:00:00,Sarawak,Sibu,2.3,111.8167,25.5,98,0.0,5.1,3,Clouds generally forming or developing
2026-05-24,06:00:00,Pahang,Kuantan,3.8167,103.3333,25.5,99,0.0,3.9,3,Clouds generally forming or developing
2026-05-24,06:00:00,Kuala Lumpur,Kuala Lumpur,3.1478,101.6953,24.2,100,0.0,0.9,3,Clouds generally forming or developing
2026-05-24,06:00:00,Kelantan,Kota Bharu,6.1333,102.25,25.2,96,0.0,6.5,3,Clouds generally forming or developing
2026-05-24,06:00:00,Labuan,Labuan,5.2803,115.2475,26.5,94,0.4,7.1,80,"Rain shower(s), slight"
2026-05-24,06:00:00,Johor,Batu Pahat,1.85,102.93,24.2,99,0.0,4.8,3,Clouds generally forming or developing
2026-05-24,06:00:00,Negeri Sembilan,Seremban,2.7297,101.9381,24.9,91,0.0,2.3,3,Clouds generally forming or developing
2026-05-24,06:00:00,Putrajaya,Putrajaya,2.93,101.69,24.8,97,0.0,2.4,3,Clouds generally forming or developing
2026-05-24,06:00:00,Selangor,Klang,3.0333,101.45,24.5,85,0.0,4.0,3,Clouds generally forming or developing
2026-05-24,06:00:00,Sabah,Sandakan,5.8388,118.1173,25.9,97,0.0,7.0,3,Clouds generally forming or developing
2026-05-24,06:00:00,Selangor,Petaling Jaya,3.1073,101.6067,24.5,94,0.0,0.3,3,Clouds generally forming or developing
2026-05-24,06:00:00,Perak,Ipoh,4.6,101.07,25.1,94,0.0,9.1,3,Clouds generally forming or developing
2026-05-24,06:00:00,Kedah,Alor Setar,6.1167,100.3667,25.4,98,0.6,5.2,55,"Drizzle, not freezing, continuous heavy (dense) at time of observation"
2026-05-24,06:00:00,Terengganu,Kuala Terengganu,5.3303,103.1408,25.6,97,0.0,2.4,3,Clouds generally forming or developing
2026-05-24,06:00:00,Johor,Kluang,2.0336,103.3194,23.6,99,0.0,3.9,3,Clouds generally forming or developing
2026-05-24,06:00:00,Pahang,Raub,3.7931,101.8569,23.4,91,0.0,0.8,3,Clouds generally forming or developing
2026-05-24,06:00:00,Sarawak,Bintulu,3.17,113.03,24.8,93,0.0,8.0,1,Clouds generally dissolving or becoming less developed
2026-05-24,06:00:00,Sabah,Lahad Datu,5.03,118.34,25.5,94,0.0,3.4,3,Clouds generally forming or developing
2026-05-24,06:00:00,Pulau Pinang,George Town,5.4145,100.3292,25.2,99,0.8,2.8,53,"Drizzle, not freezing, continuous 	moderate at time of observation"
2026-05-24,06:00:00,Sarawak,Miri,4.4028,113.9933,24.4,95,0.0,8.5,3,Clouds generally forming or developing
2026-05-24,06:00:00,Sarawak,Kuching,1.5397,110.3542,25.2,90,0.0,7.1,1,Clouds generally dissolving or becoming less developed
2026-05-24,06:00:00,Pahang,Kuala Lipis,4.184,102.042,24.2,99,0.0,2.4,3,Clouds generally forming or developing
2026-05-24,06:00:00,Pulau Pinang,Bukit Mertajam,5.3631,100.4667,25.1,96,0.3,4.1,53,"Drizzle, not freezing, continuous 	moderate at time of observation"
2026-05-24,06:00:00,Pulau Pinang,Butterworth,5.3992,100.3639,25.2,96,0.3,4.1,53,"Drizzle, not freezing, continuous 	moderate at time of observation"
2026-05-24,06:00:00,Johor,Johor Bahru,1.4556,103.7611,24.6,100,0.0,2.6,3,Clouds generally forming or developing
2026-05-24,06:00:00,Sabah,Tawau,4.2448,117.8911,25.0,96,0.0,7.6,3,Clouds generally forming or developing
2026-05-24,06:00:00,Sabah,Kota Kinabalu,5.975,116.0725,26.3,78,0.0,4.6,3,Clouds generally forming or developing
2026-05-24,06:00:00,Melaka,Melaka,2.1889,102.2511,24.8,95,0.0,5.1,3,Clouds generally forming or developing
2026-05-24,05:00:00,Kelantan,Kota Bharu,6.1333,102.25,25.2,97,0.0,7.0,3,Clouds generally forming or developing
2026-05-24,05:00:00,Melaka,Melaka,2.1889,102.2511,24.9,94,0.0,6.6,3,Clouds generally forming or developing
2026-05-24,05:00:00,Sabah,Sandakan,5.8388,118.1173,25.8,96,0.0,7.8,3,Clouds generally forming or developing
2026-05-24,05:00:00,Selangor,Petaling Jaya,3.1073,101.6067,24.7,92,0.0,1.5,3,Clouds generally forming or developing
2026-05-24,05:00:00,Sabah,Tawau,4.2448,117.8911,25.3,97,0.0,6.3,3,Clouds generally forming or developing
2026-05-24,05:00:00,Negeri Sembilan,Seremban,2.7297,101.9381,24.6,94,0.0,1.8,3,Clouds generally forming or developing
2026-05-24,05:00:00,Pahang,Kuantan,3.8167,103.3333,25.8,99,0.0,2.7,3,Clouds generally forming or developing
2026-05-24,05:00:00,Kedah,Alor Setar,6.1167,100.3667,25.7,94,0.5,2.8,53,"Drizzle, not freezing, continuous 	moderate at time of observation"
2026-05-24,05:00:00,Labuan,Labuan,5.2803,115.2475,26.8,89,0.0,6.5,53,"Drizzle, not freezing, continuous 	moderate at time of observation"
2026-05-24,05:00:00,Johor,Johor Bahru,1.4556,103.7611,24.8,100,0.0,2.7,3,Clouds generally forming or developing
2026-05-24,05:00:00,Perak,Taiping,4.85,100.7333,24.3,97,0.1,7.0,51,"Drizzle, not freezing, continuous 	slight at time of observation"
2026-05-24,05:00:00,Perak,Teluk Intan,4.0259,101.0213,24.8,92,0.0,11.4,3,Clouds generally forming or developing
2026-05-24,05:00:00,Sabah,Kota Kinabalu,5.975,116.0725,26.4,78,0.0,5.1,3,Clouds generally forming or developing
2026-05-24,05:00:00,Selangor,Shah Alam,3.0833,101.5333,25.0,84,0.0,4.1,3,Clouds generally forming or developing
2026-05-24,05:00:00,Johor,Batu Pahat,1.85,102.93,24.2,100,0.0,5.8,3,Clouds generally forming or developing
2026-05-24,05:00:00,Putrajaya,Putrajaya,2.93,101.69,25.0,96,0.0,4.6,3,Clouds generally forming or developing
2026-05-24,05:00:00,Johor,Kluang,2.0336,103.3194,23.6,100,0.0,2.1,3,Clouds generally forming or developing
2026-05-24,05:00:00,Selangor,Klang,3.0333,101.45,24.8,84,0.0,5.6,3,Clouds generally forming or developing
2026-05-24,05:00:00,Sarawak,Miri,4.4028,113.9933,24.5,95,0.0,8.4,3,Clouds generally forming or developing
2026-05-24,05:00:00,Sarawak,Kuching,1.5397,110.3542,25.4,90,0.0,5.4,2,State of sky on the whole unchanged
2026-05-24,05:00:00,Pahang,Raub,3.7931,101.8569,23.4,96,0.0,1.5,3,Clouds generally forming or developing
2026-05-24,05:00:00,Pulau Pinang,George Town,5.4145,100.3292,25.0,98,1.7,0.8,81,"Rain shower(s), moderate or heavy"
2026-05-24,05:00:00,Johor,Muar,2.05,102.56,25.1,95,0.0,4.4,3,Clouds generally forming or developing
2026-05-24,05:00:00,Terengganu,Cukai,4.2332,103.4479,26.3,100,1.3,2.9,95,"Thunderstorm, slight or moderate, without hail** but with rain and/or snow at time of observation - Thunderstorm at time of observation"
2026-05-24,05:00:00,Kuala Lumpur,Kuala Lumpur,3.1478,101.6953,24.3,99,0.0,2.7,3,Clouds generally forming or developing
2026-05-24,05:00:00,Sarawak,Sibu,2.3,111.8167,25.2,99,0.0,2.6,3,Clouds generally forming or developing
2026-05-24,05:00:00,Terengganu,Kuala Terengganu,5.3303,103.1408,25.9,95,0.0,4.1,3,Clouds generally forming or developing
2026-05-24,05:00:00,Pahang,Kuala Lipis,4.184,102.042,24.5,99,0.0,2.2,3,Clouds generally forming or developing
2026-05-24,05:00:00,Pulau Pinang,Bukit Mertajam,5.3631,100.4667,25.4,95,1.1,2.4,80,"Rain shower(s), slight"
2026-05-24,05:00:00,Sarawak,Bintulu,3.17,113.03,25.0,92,0.0,7.6,3,Clouds generally forming or developing
2026-05-24,05:00:00,Sabah,Lahad Datu,5.03,118.34,25.5,93,0.0,2.8,3,Clouds generally forming or developing
2026-05-24,05:00:00,Perak,Ipoh,4.6,101.07,25.0,94,0.0,9.1,3,Clouds generally forming or developing
2026-05-24,05:00:00,Pulau Pinang,Butterworth,5.3992,100.3639,25.5,95,1.1,2.4,80,"Rain shower(s), slight"
2026-05-24,04:00:00,Johor,Johor Bahru,1.4556,103.7611,24.9,100,0.0,3.2,3,Clouds generally forming or developing
2026-05-24,04:00:00,Kelantan,Kota Bharu,6.1333,102.25,25.3,97,0.0,8.6,3,Clouds generally forming or developing
2026-05-24,04:00:00,Terengganu,Cukai,4.2332,103.4479,26.3,99,0.1,3.4,95,"Thunderstorm, slight or moderate, without hail** but with rain and/or snow at time of observation - Thunderstorm at time of observation"
2026-05-24,04:00:00,Pahang,Kuala Lipis,4.184,102.042,24.8,97,0.0,1.2,3,Clouds generally forming or developing
2026-05-24,04:00:00,Selangor,Klang,3.0333,101.45,25.1,84,0.0,5.6,2,State of sky on the whole unchanged
2026-05-24,04:00:00,Melaka,Melaka,2.1889,102.2511,25.0,93,0.0,7.3,2,State of sky on the whole unchanged
2026-05-24,04:00:00,Sabah,Sandakan,5.8388,118.1173,25.8,97,0.0,8.0,2,State of sky on the whole unchanged
2026-05-24,04:00:00,Pahang,Raub,3.7931,101.8569,23.7,96,0.0,2.8,3,Clouds generally forming or developing
2026-05-24,04:00:00,Johor,Batu Pahat,1.85,102.93,24.2,99,0.0,6.0,2,State of sky on the whole unchanged
2026-05-24,04:00:00,Pulau Pinang,Bukit Mertajam,5.3631,100.4667,25.1,96,0.0,8.8,81,"Rain shower(s), moderate or heavy"
2026-05-24,04:00:00,Johor,Kluang,2.0336,103.3194,23.8,99,0.0,2.4,2,State of sky on the whole unchanged
2026-05-24,04:00:00,Pahang,Kuantan,3.8167,103.3333,25.9,99,0.3,3.0,51,"Drizzle, not freezing, continuous 	slight at time of observation"
2026-05-24,04:00:00,Perak,Teluk Intan,4.0259,101.0213,24.9,92,0.0,10.2,3,Clouds generally forming or developing
2026-05-24,04:00:00,Selangor,Petaling Jaya,3.1073,101.6067,24.8,91,0.0,2.1,3,Clouds generally forming or developing
2026-05-24,04:00:00,Sarawak,Bintulu,3.17,113.03,24.8,94,0.0,9.8,2,State of sky on the whole unchanged
2026-05-24,04:00:00,Selangor,Shah Alam,3.0833,101.5333,25.4,82,0.0,4.2,3,Clouds generally forming or developing
2026-05-24,04:00:00,Pulau Pinang,George Town,5.4145,100.3292,25.1,98,0.1,6.3,81,"Rain shower(s), moderate or heavy"
2026-05-24,04:00:00,Pulau Pinang,Butterworth,5.3992,100.3639,25.2,96,0.0,8.8,81,"Rain shower(s), moderate or heavy"
2026-05-24,04:00:00,Kuala Lumpur,Kuala Lumpur,3.1478,101.6953,24.5,100,0.0,3.6,3,Clouds generally forming or developing
2026-05-24,04:00:00,Putrajaya,Putrajaya,2.93,101.69,25.4,93,0.0,3.5,3,Clouds generally forming or developing
2026-05-24,04:00:00,Perak,Ipoh,4.6,101.07,25.1,92,0.0,7.5,3,Clouds generally forming or developing
2026-05-24,04:00:00,Kedah,Alor Setar,6.1167,100.3667,25.8,91,0.3,11.2,80,"Rain shower(s), slight"
2026-05-24,04:00:00,Perak,Taiping,4.85,100.7333,24.8,96,0.3,8.6,51,"Drizzle, not freezing, continuous 	slight at time of observation"
2026-05-24,04:00:00,Sabah,Tawau,4.2448,117.8911,25.2,98,0.1,8.5,51,"Drizzle, not freezing, continuous 	slight at time of observation"
2026-05-24,04:00:00,Sarawak,Sibu,2.3,111.8167,25.3,97,0.0,0.9,3,Clouds generally forming or developing
2026-05-24,04:00:00,Sabah,Kota Kinabalu,5.975,116.0725,26.5,77,0.0,6.5,3,Clouds generally forming or developing
2026-05-24,04:00:00,Sarawak,Miri,4.4028,113.9933,24.6,96,0.0,8.9,3,Clouds generally forming or developing
2026-05-24,04:00:00,Negeri Sembilan,Seremban,2.7297,101.9381,24.8,95,0.0,3.1,3,Clouds generally forming or developing
2026-05-24,04:00:00,Labuan,Labuan,5.2803,115.2475,27.4,87,0.1,9.3,51,"Drizzle, not freezing, continuous 	slight at time of observation"
2026-05-24,04:00:00,Johor,Muar,2.05,102.56,25.4,93,0.0,3.8,3,Clouds generally forming or developing
2026-05-24,04:00:00,Sarawak,Kuching,1.5397,110.3542,25.4,92,0.0,5.8,3,Clouds generally forming or developing
2026-05-24,04:00:00,Terengganu,Kuala Terengganu,5.3303,103.1408,26.1,93,0.0,5.5,3,Clouds generally forming or developing
2026-05-24,04:00:00,Sabah,Lahad Datu,5.03,118.34,25.4,94,0.0,3.2,3,Clouds generally forming or developing
2026-05-24,03:00:00,Johor,Batu Pahat,1.85,102.93,24.5,97,0.0,2.7,3,Clouds generally forming or developing
2026-05-24,03:00:00,Johor,Kluang,2.0336,103.3194,24.0,99,0.0,2.8,2,State of sky on the whole unchanged
2026-05-24,03:00:00,Perak,Ipoh,4.6,101.07,25.4,92,0.0,7.7,3,Clouds generally forming or developing
2026-05-24,03:00:00,Selangor,Shah Alam,3.0833,101.5333,25.6,82,0.0,2.5,3,Clouds generally forming or developing
2026-05-24,03:00:00,Sarawak,Miri,4.4028,113.9933,24.7,97,0.0,10.6,3,Clouds generally forming or developing
2026-05-24,03:00:00,Negeri Sembilan,Seremban,2.7297,101.9381,24.7,97,0.0,2.9,3,Clouds generally forming or developing
2026-05-24,03:00:00,Sarawak,Kuching,1.5397,110.3542,25.2,94,0.0,7.0,3,Clouds generally forming or developing
2026-05-24,03:00:00,Selangor,Klang,3.0333,101.45,25.4,84,0.0,4.5,3,Clouds generally forming or developing
2026-05-24,03:00:00,Selangor,Petaling Jaya,3.1073,101.6067,25.2,88,0.0,0.7,3,Clouds generally forming or developing
2026-05-24,03:00:00,Labuan,Labuan,5.2803,115.2475,27.4,89,0.2,8.4,51,"Drizzle, not freezing, continuous 	slight at time of observation"
2026-05-24,03:00:00,Putrajaya,Putrajaya,2.93,101.69,25.6,92,0.0,2.8,3,Clouds generally forming or developing
2026-05-24,03:00:00,Pulau Pinang,Butterworth,5.3992,100.3639,27.0,86,0.2,4.7,51,"Drizzle, not freezing, continuous 	slight at time of observation"
2026-05-24,03:00:00,Kuala Lumpur,Kuala Lumpur,3.1478,101.6953,24.9,98,0.0,1.0,3,Clouds generally forming or developing
2026-05-24,03:00:00,Perak,Taiping,4.85,100.7333,25.0,94,0.3,3.3,55,"Drizzle, not freezing, continuous heavy (dense) at time of observation"
2026-05-24,03:00:00,Terengganu,Cukai,4.2332,103.4479,26.3,98,0.0,2.0,3,Clouds generally forming or developing
2026-05-24,03:00:00,Terengganu,Kuala Terengganu,5.3303,103.1408,26.2,91,0.0,7.0,3,Clouds generally forming or developing
2026-05-24,03:00:00,Johor,Johor Bahru,1.4556,103.7611,25.0,100,0.0,3.1,3,Clouds generally forming or developing
2026-05-24,03:00:00,Perak,Teluk Intan,4.0259,101.0213,24.7,92,0.0,10.1,3,Clouds generally forming or developing
2026-05-24,03:00:00,Sabah,Sandakan,5.8388,118.1173,26.0,98,0.3,4.5,51,"Drizzle, not freezing, continuous 	slight at time of observation"
2026-05-24,03:00:00,Sabah,Lahad Datu,5.03,118.34,25.4,94,0.0,8.0,3,Clouds generally forming or developing
2026-05-24,03:00:00,Sarawak,Bintulu,3.17,113.03,25.9,91,0.0,10.6,3,Clouds generally forming or developing
2026-05-24,03:00:00,Melaka,Melaka,2.1889,102.2511,25.1,93,0.0,7.2,3,Clouds generally forming or developing
2026-05-24,03:00:00,Pahang,Kuantan,3.8167,103.3333,25.9,99,0.6,2.2,53,"Drizzle, not freezing, continuous 	moderate at time of observation"
2026-05-24,03:00:00,Pulau Pinang,George Town,5.4145,100.3292,27.2,86,0.1,5.7,53,"Drizzle, not freezing, continuous 	moderate at time of observation"
2026-05-24,03:00:00,Kelantan,Kota Bharu,6.1333,102.25,25.5,97,0.0,8.5,3,Clouds generally forming or developing
2026-05-24,03:00:00,Pahang,Kuala Lipis,4.184,102.042,24.7,99,0.0,3.2,3,Clouds generally forming or developing
2026-05-24,03:00:00,Pulau Pinang,Bukit Mertajam,5.3631,100.4667,26.9,86,0.2,4.7,51,"Drizzle, not freezing, continuous 	slight at time of observation"
2026-05-24,03:00:00,Sabah,Tawau,4.2448,117.8911,25.0,98,0.5,4.9,53,"Drizzle, not freezing, continuous 	moderate at time of observation"
2026-05-24,03:00:00,Sarawak,Sibu,2.3,111.8167,25.5,94,0.0,0.4,2,State of sky on the whole unchanged
2026-05-24,03:00:00,Kedah,Alor Setar,6.1167,100.3667,27.5,83,0.0,6.0,3,Clouds generally forming or developing
2026-05-24,03:00:00,Johor,Muar,2.05,102.56,25.5,92,0.0,4.5,3,Clouds generally forming or developing
2026-05-24,03:00:00,Pahang,Raub,3.7931,101.8569,23.7,94,0.0,3.2,3,Clouds generally forming or developing
2026-05-24,03:00:00,Sabah,Kota Kinabalu,5.975,116.0725,26.2,79,0.0,5.1,3,Clouds generally forming or developing
2026-05-24,02:00:00,Selangor,Klang,3.0333,101.45,26.0,81,0.0,6.2,3,Clouds generally forming or developing
2026-05-24,02:00:00,Pulau Pinang,George Town,5.4145,100.3292,27.8,84,0.2,8.1,51,"Drizzle, not freezing, continuous 	slight at time of observation"
2026-05-24,02:00:00,Pahang,Kuantan,3.8167,103.3333,25.9,99,0.2,4.0,51,"Drizzle, not freezing, continuous 	slight at time of observation"
2026-05-24,02:00:00,Terengganu,Kuala Terengganu,5.3303,103.1408,26.2,90,0.0,7.8,3,Clouds generally forming or developing
2026-05-24,02:00:00,Johor,Kluang,2.0336,103.3194,24.4,98,0.0,2.7,3,Clouds generally forming or developing
2026-05-24,02:00:00,Sabah,Lahad Datu,5.03,118.34,25.5,94,0.0,6.9,3,Clouds generally forming or developing
2026-05-24,02:00:00,Sabah,Tawau,4.2448,117.8911,24.7,99,0.4,10.5,80,"Rain shower(s), slight"
2026-05-24,02:00:00,Johor,Muar,2.05,102.56,25.6,91,0.0,6.4,3,Clouds generally forming or developing
2026-05-24,02:00:00,Pahang,Raub,3.7931,101.8569,24.2,95,0.0,1.1,3,Clouds generally forming or developing
2026-05-24,02:00:00,Pulau Pinang,Bukit Mertajam,5.3631,100.4667,28.3,80,0.0,4.2,3,Clouds generally forming or developing
2026-05-24,02:00:00,Sarawak,Sibu,2.3,111.8167,25.7,91,0.0,0.4,2,State of sky on the whole unchanged
2026-05-24,02:00:00,Kedah,Alor Setar,6.1167,100.3667,27.9,81,0.0,9.6,3,Clouds generally forming or developing
2026-05-24,02:00:00,Kuala Lumpur,Kuala Lumpur,3.1478,101.6953,25.4,95,0.0,0.7,3,Clouds generally forming or developing
2026-05-24,02:00:00,Perak,Taiping,4.85,100.7333,25.4,91,0.0,1.4,2,State of sky on the whole unchanged
2026-05-24,02:00:00,Pahang,Kuala Lipis,4.184,102.042,24.8,98,0.0,3.5,3,Clouds generally forming or developing
2026-05-24,02:00:00,Putrajaya,Putrajaya,2.93,101.69,26.0,88,0.0,3.1,2,State of sky on the whole unchanged
2026-05-24,02:00:00,Sarawak,Miri,4.4028,113.9933,24.8,97,0.0,10.2,3,Clouds generally forming or developing
2026-05-24,02:00:00,Perak,Ipoh,4.6,101.07,26.0,88,0.0,5.8,2,State of sky on the whole unchanged
2026-05-24,02:00:00,Melaka,Melaka,2.1889,102.2511,25.4,91,0.0,8.2,3,Clouds generally forming or developing
2026-05-24,02:00:00,Terengganu,Cukai,4.2332,103.4479,26.4,97,0.0,1.9,3,Clouds generally forming or developing
2026-05-24,02:00:00,Pulau Pinang,Butterworth,5.3992,100.3639,28.4,80,0.0,4.2,3,Clouds generally forming or developing
2026-05-24,02:00:00,Selangor,Shah Alam,3.0833,101.5333,26.2,77,0.0,5.6,3,Clouds generally forming or developing
2026-05-24,02:00:00,Negeri Sembilan,Seremban,2.7297,101.9381,24.9,97,0.0,3.5,3,Clouds generally forming or developing
2026-05-24,02:00:00,Perak,Teluk Intan,4.0259,101.0213,25.1,89,0.0,12.1,3,Clouds generally forming or developing
2026-05-24,02:00:00,Johor,Johor Bahru,1.4556,103.7611,25.2,100,0.0,1.2,3,Clouds generally forming or developing
2026-05-24,02:00:00,Sabah,Kota Kinabalu,5.975,116.0725,25.9,82,0.0,6.0,3,Clouds generally forming or developing
2026-05-24,02:00:00,Selangor,Petaling Jaya,3.1073,101.6067,25.7,84,0.0,1.3,3,Clouds generally forming or developing
2026-05-24,02:00:00,Labuan,Labuan,5.2803,115.2475,27.6,86,0.1,5.9,55,"Drizzle, not freezing, continuous heavy (dense) at time of observation"
2026-05-24,02:00:00,Sarawak,Kuching,1.5397,110.3542,25.0,95,0.0,4.9,3,Clouds generally forming or developing
2026-05-24,02:00:00,Johor,Batu Pahat,1.85,102.93,24.8,95,0.0,4.4,3,Clouds generally forming or developing
2026-05-24,02:00:00,Sarawak,Bintulu,3.17,113.03,27.4,82,0.0,2.2,3,Clouds generally forming or developing
2026-05-24,02:00:00,Kelantan,Kota Bharu,6.1333,102.25,25.8,96,0.0,7.5,3,Clouds generally forming or developing
2026-05-24,02:00:00,Sabah,Sandakan,5.8388,118.1173,26.2,97,0.9,3.9,53,"Drizzle, not freezing, continuous 	moderate at time of observation"
2026-05-24,01:00:00,Perak,Teluk Intan,4.0259,101.0213,25.3,86,0.0,11.4,3,Clouds generally forming or developing
2026-05-24,01:00:00,Putrajaya,Putrajaya,2.93,101.69,26.6,82,0.0,3.8,3,Clouds generally forming or developing
2026-05-24,01:00:00,Sarawak,Miri,4.4028,113.9933,24.9,97,0.0,10.9,3,Clouds generally forming or developing
2026-05-24,01:00:00,Negeri Sembilan,Seremban,2.7297,101.9381,25.3,96,0.0,3.9,3,Clouds generally forming or developing
2026-05-24,01:00:00,Pahang,Kuantan,3.8167,103.3333,25.9,98,0.0,5.1,51,"Drizzle, not freezing, continuous 	slight at time of observation"
2026-05-24,01:00:00,Sabah,Lahad Datu,5.03,118.34,25.7,95,0.0,6.9,3,Clouds generally forming or developing
2026-05-24,01:00:00,Sabah,Tawau,4.2448,117.8911,26.5,96,0.0,6.0,95,"Thunderstorm, slight or moderate, without hail** but with rain and/or snow at time of observation - Thunderstorm at time of observation"
2026-05-24,01:00:00,Selangor,Klang,3.0333,101.45,26.3,81,0.0,7.7,2,State of sky on the whole unchanged
2026-05-24,01:00:00,Kelantan,Kota Bharu,6.1333,102.25,26.0,98,0.0,7.5,3,Clouds generally forming or developing
2026-05-24,01:00:00,Kedah,Alor Setar,6.1167,100.3667,28.0,79,0.0,9.4,3,Clouds generally forming or developing
2026-05-24,01:00:00,Sabah,Kota Kinabalu,5.975,116.0725,25.7,84,0.0,6.9,3,Clouds generally forming or developing
2026-05-24,01:00:00,Johor,Muar,2.05,102.56,25.9,90,0.0,6.3,3,Clouds generally forming or developing
2026-05-24,01:00:00,Johor,Johor Bahru,1.4556,103.7611,25.5,99,0.0,0.0,2,State of sky on the whole unchanged
2026-05-24,01:00:00,Pahang,Kuala Lipis,4.184,102.042,25.0,98,0.0,3.5,2,State of sky on the whole unchanged
2026-05-24,01:00:00,Pulau Pinang,Bukit Mertajam,5.3631,100.4667,28.9,76,0.0,5.2,3,Clouds generally forming or developing
2026-05-24,01:00:00,Selangor,Shah Alam,3.0833,101.5333,26.6,76,0.0,7.2,2,State of sky on the whole unchanged
2026-05-24,01:00:00,Selangor,Petaling Jaya,3.1073,101.6067,26.2,80,0.0,2.9,2,State of sky on the whole unchanged
2026-05-24,01:00:00,Sarawak,Bintulu,3.17,113.03,28.1,79,0.0,4.4,3,Clouds generally forming or developing
2026-05-24,01:00:00,Labuan,Labuan,5.2803,115.2475,28.0,83,0.0,6.7,3,Clouds generally forming or developing
2026-05-24,01:00:00,Johor,Kluang,2.0336,103.3194,25.0,95,0.0,3.5,3,Clouds generally forming or developing
2026-05-24,01:00:00,Sarawak,Sibu,2.3,111.8167,25.8,90,0.0,1.0,3,Clouds generally forming or developing
2026-05-24,01:00:00,Terengganu,Kuala Terengganu,5.3303,103.1408,26.0,91,0.0,9.8,3,Clouds generally forming or developing
2026-05-24,01:00:00,Pulau Pinang,Butterworth,5.3992,100.3639,28.9,76,0.0,5.2,3,Clouds generally forming or developing
2026-05-24,01:00:00,Perak,Ipoh,4.6,101.07,26.3,84,0.0,3.6,3,Clouds generally forming or developing
2026-05-24,01:00:00,Terengganu,Cukai,4.2332,103.4479,26.4,96,0.0,5.4,3,Clouds generally forming or developing
2026-05-24,01:00:00,Melaka,Melaka,2.1889,102.2511,25.6,89,0.0,10.0,3,Clouds generally forming or developing
2026-05-24,01:00:00,Pulau Pinang,George Town,5.4145,100.3292,28.7,76,0.0,7.8,3,Clouds generally forming or developing
2026-05-24,01:00:00,Sarawak,Kuching,1.5397,110.3542,25.2,95,0.0,3.9,3,Clouds generally forming or developing
2026-05-24,01:00:00,Pahang,Raub,3.7931,101.8569,24.5,98,0.0,1.9,3,Clouds generally forming or developing
2026-05-24,01:00:00,Sabah,Sandakan,5.8388,118.1173,26.0,97,0.7,6.9,81,"Rain shower(s), moderate or heavy"
2026-05-24,01:00:00,Kuala Lumpur,Kuala Lumpur,3.1478,101.6953,26.0,91,0.0,1.2,3,Clouds generally forming or developing
2026-05-24,01:00:00,Johor,Batu Pahat,1.85,102.93,25.1,95,0.0,2.1,3,Clouds generally forming or developing
2026-05-24,01:00:00,Perak,Taiping,4.85,100.7333,25.5,90,0.0,6.2,3,Clouds generally forming or developing
2026-05-24,00:00:00,Johor,Batu Pahat,1.85,102.93,25.5,93,0.0,2.3,3,Clouds generally forming or developing
2026-05-24,00:00:00,Johor,Muar,2.05,102.56,26.0,92,0.0,5.3,3,Clouds generally forming or developing
2026-05-24,00:00:00,Putrajaya,Putrajaya,2.93,101.69,26.6,85,0.0,4.1,3,Clouds generally forming or developing
2026-05-24,00:00:00,Terengganu,Cukai,4.2332,103.4479,26.4,96,0.0,5.0,3,Clouds generally forming or developing
2026-05-24,00:00:00,Perak,Ipoh,4.6,101.07,26.5,82,0.0,2.7,3,Clouds generally forming or developing
2026-05-24,00:00:00,Sabah,Tawau,4.2448,117.8911,26.6,95,0.0,3.7,95,"Thunderstorm, slight or moderate, without hail** but with rain and/or snow at time of observation - Thunderstorm at time of observation"
2026-05-24,00:00:00,Sabah,Lahad Datu,5.03,118.34,25.8,95,0.0,7.9,3,Clouds generally forming or developing
2026-05-24,00:00:00,Pulau Pinang,George Town,5.4145,100.3292,29.2,72,0.0,9.7,3,Clouds generally forming or developing
2026-05-24,00:00:00,Pahang,Kuantan,3.8167,103.3333,26.0,97,0.0,5.1,3,Clouds generally forming or developing
2026-05-24,00:00:00,Labuan,Labuan,5.2803,115.2475,28.1,82,0.0,7.8,2,State of sky on the whole unchanged
2026-05-24,00:00:00,Terengganu,Kuala Terengganu,5.3303,103.1408,26.1,92,0.0,10.8,3,Clouds generally forming or developing
2026-05-24,00:00:00,Melaka,Melaka,2.1889,102.2511,25.9,87,0.0,11.9,3,Clouds generally forming or developing
2026-05-24,00:00:00,Kelantan,Kota Bharu,6.1333,102.25,26.0,98,0.3,6.3,53,"Drizzle, not freezing, continuous 	moderate at time of observation"
2026-05-24,00:00:00,Sarawak,Miri,4.4028,113.9933,25.4,96,0.1,11.2,51,"Drizzle, not freezing, continuous 	slight at time of observation"
2026-05-24,00:00:00,Pulau Pinang,Bukit Mertajam,5.3631,100.4667,29.3,74,0.0,4.3,3,Clouds generally forming or developing
2026-05-24,00:00:00,Sarawak,Bintulu,3.17,113.03,28.5,76,0.0,8.6,3,Clouds generally forming or developing
2026-05-24,00:00:00,Sarawak,Kuching,1.5397,110.3542,25.5,95,0.0,3.4,3,Clouds generally forming or developing
2026-05-24,00:00:00,Selangor,Shah Alam,3.0833,101.5333,26.9,76,0.0,6.3,3,Clouds generally forming or developing
2026-05-24,00:00:00,Negeri Sembilan,Seremban,2.7297,101.9381,25.8,93,0.0,4.5,3,Clouds generally forming or developing
2026-05-24,00:00:00,Perak,Taiping,4.85,100.7333,26.2,88,0.0,6.3,3,Clouds generally forming or developing
2026-05-24,00:00:00,Sarawak,Sibu,2.3,111.8167,25.9,90,0.0,3.8,3,Clouds generally forming or developing
2026-05-24,00:00:00,Johor,Kluang,2.0336,103.3194,25.1,93,0.0,1.9,3,Clouds generally forming or developing
2026-05-24,00:00:00,Kedah,Alor Setar,6.1167,100.3667,28.4,77,0.0,7.2,3,Clouds generally forming or developing
2026-05-24,00:00:00,Pahang,Raub,3.7931,101.8569,24.8,98,0.0,2.6,3,Clouds generally forming or developing
2026-05-24,00:00:00,Perak,Teluk Intan,4.0259,101.0213,25.2,87,0.0,9.9,3,Clouds generally forming or developing
2026-05-24,00:00:00,Sabah,Sandakan,5.8388,118.1173,27.1,90,0.1,8.3,51,"Drizzle, not freezing, continuous 	slight at time of observation"
2026-05-24,00:00:00,Sabah,Kota Kinabalu,5.975,116.0725,25.7,87,0.0,4.8,3,Clouds generally forming or developing
2026-05-24,00:00:00,Pahang,Kuala Lipis,4.184,102.042,25.2,98,0.0,2.5,2,State of sky on the whole unchanged
2026-05-24,00:00:00,Selangor,Klang,3.0333,101.45,26.5,81,0.0,6.9,3,Clouds generally forming or developing
2026-05-24,00:00:00,Johor,Johor Bahru,1.4556,103.7611,25.8,99,0.0,7.3,2,State of sky on the whole unchanged
2026-05-24,00:00:00,Selangor,Petaling Jaya,3.1073,101.6067,26.6,78,0.0,3.4,3,Clouds generally forming or developing
2026-05-24,00:00:00,Pulau Pinang,Butterworth,5.3992,100.3639,29.4,74,0.0,4.3,3,Clouds generally forming or developing
2026-05-24,00:00:00,Kuala Lumpur,Kuala Lumpur,3.1478,101.6953,26.4,89,0.0,1.5,3,Clouds generally forming or developing
